-1.504856825999360681e+08
-1.504863960647609830e+08
-1.504863950151742101e+08
-1.504863774116413295e+08
-1.504863907662830353e+08
-1.504863728952398598e+08
-1.504863876656810939e+08
-1.504863679785602093e+08
-1.504863851700128317e+08
-1.504863969272066653e+08
-1.504863853821892440e+08
-1.504863731231024265e+08
-1.504863787298112214e+08
-1.504863785112064481e+08
-1.504863807690337598e+08
-1.504863656278790236e+08
-1.504863671413615942e+08
-1.504863719831250012e+08
-1.504863720094124675e+08
-1.504863549752562046e+08
-1.504863523570526242e+08
-1.504863538346304595e+08
-1.504863421927300096e+08
-1.504863519875687361e+08
-1.504863450718185902e+08
-1.504863460647803843e+08
-1.504863454231183529e+08
-1.504863283597438633e+08
-1.504863193528620601e+08
-1.504863295882627368e+08
-1.504863171472960711e+08
-1.504863129734946489e+08
-1.504863129236495793e+08
-1.504863042284522057e+08
-1.504863169012589455e+08
-1.504862985290208757e+08
-1.504863039211727083e+08
-1.504863021360037923e+08
-1.504862979670857489e+08
-1.504862935920659900e+08
-1.504862786722319424e+08
-1.504862930152599216e+08
-1.504862832877801657e+08
-1.504862649616681635e+08
-1.504862645127180517e+08
-1.504862636480918229e+08
-1.504862569133490920e+08
-1.504862521004509926e+08
-1.504862411147310138e+08
-1.504862287722994089e+08
-1.504862173447036147e+08
-1.504862114737342894e+08
-1.504861844226991236e+08
-1.504861839224012494e+08
-1.504861587351327538e+08
-1.504861579988896549e+08
-1.504861593055630028e+08
-1.504861475068122149e+08
-1.504861376182948947e+08
-1.504861263427415192e+08
-1.504861141374447942e+08
-1.504861032127541304e+08
-1.504861070751790106e+08
-1.504860966007639766e+08
-1.504860928792846799e+08
-1.504860740070818961e+08
-1.504860463541813493e+08
-1.504860484324342310e+08
-1.504860262057988346e+08
-1.504860176712953150e+08
-1.504859951390556693e+08
-1.504859996366770566e+08
-1.504859831090334952e+08
-1.504859639280518889e+08
-1.504859723869160116e+08
-1.504859723615404367e+08
-1.504859625361507833e+08
-1.504859666361248195e+08
-1.504859669023444355e+08
-1.504859531331620514e+08
-1.504859242694997191e+08
-1.504859096002965868e+08
-1.504859166801745892e+08
-1.504859024627686143e+08
-1.504859007899540961e+08
-1.504858933255192339e+08
-1.504858767772399187e+08
-1.504858871563331187e+08
-1.504858765501582325e+08
-1.504858827982442081e+08
-1.504858574816299975e+08
-1.504858567820438147e+08
-1.504858585133174062e+08
-1.504858463055616915e+08
-1.504858239842026532e+08
-1.504858105425277352e+08
-1.504857846948340833e+08
-1.504857588569637835e+08
-1.504857346674962938e+08
-1.504857207242676914e+08
-1.504856835235620737e+08
-1.504856741642678678e+08
-1.504856529023900628e+08
-1.504856254917183816e+08
-1.504855963512296677e+08
-1.504855950220342278e+08
-1.504855790189598501e+08
-1.504855750105955899e+08
-1.504855598511864245e+08
-1.504855224533543289e+08
-1.504855280023672879e+08
-1.504855091602447331e+08
-1.504854867150751650e+08
-1.504854925930031240e+08
-1.504854767551515102e+08
-1.504854523185705543e+08
-1.504854473923771679e+08
-1.504854515618481636e+08
-1.504854120540335476e+08
-1.504853685871274769e+08
-1.504853514291517437e+08
-1.504853151153449416e+08
-1.504853111473428011e+08
-1.504853037510482967e+08
-1.504852635245375931e+08
-1.504852707648577094e+08
-1.504852423103407025e+08
-1.504852139790041745e+08
-1.504851871375945508e+08
-1.504851685342792273e+08
-1.504851559251810312e+08
-1.504851313801534176e+08
-1.504851254865159690e+08
-1.504850979167095721e+08
-1.504851028077525795e+08
-1.504850900291705430e+08
-1.504850584820544124e+08
-1.504850536823002100e+08
-1.504850560906847119e+08
-1.504850431299304068e+08
-1.504850418206645846e+08
-1.504849928435424864e+08
-1.504849750193807185e+08
-1.504849706248098910e+08
-1.504849478278564811e+08
-1.504849205006563962e+08
-1.504848845543651879e+08
-1.504848717285191715e+08
-1.504848443450664580e+08
-1.504848258160317838e+08
-1.504848049347277284e+08
-1.504847797384592295e+08
-1.504847749316836298e+08
-1.504847758137900233e+08
-1.504847483230703771e+08
-1.504847170910732150e+08
-1.504847041007637978e+08
-1.504846580551502705e+08
-1.504846517558766305e+08
-1.504846387071352303e+08
-1.504846025750340223e+08
-1.504845763659589291e+08
-1.504845620848089159e+08
-1.504845464840626419e+08
-1.504845339000265896e+08
-1.504845138364284635e+08
-1.504844789583259225e+08
-1.504844592154853940e+08
-1.504844405145508945e+08
-1.504844076272235811e+08
-1.504843881598635912e+08
-1.504843868399994969e+08
-1.504843653870683610e+08
-1.504843239305773377e+08
-1.504843596171678305e+08
-1.504843205098817945e+08
-1.504842814038812816e+08
-1.504842680231744349e+08
-1.504842342970530987e+08
-1.504842096925115287e+08
-1.504841649489454925e+08
-1.504841500022472143e+08
-1.504841283115719855e+08
-1.504841107930827737e+08
-1.504840648216845989e+08
-1.504840198763414323e+08
-1.504839646018039584e+08
-1.504839314130829573e+08
-1.504839031835122705e+08
-1.504838468903919756e+08
-1.504838004018583894e+08
-1.504837779131318033e+08
-1.504837284403009713e+08
-1.504837031704131663e+08
-1.504836794879866242e+08
-1.504836351419886351e+08
-1.504836061992728710e+08
-1.504835634921517670e+08
-1.504835313268097341e+08
-1.504835115597083569e+08
-1.504834743777452111e+08
-1.504834584151034653e+08
-1.504834430046497583e+08
-1.504834079054149687e+08
-1.504833743656029403e+08
-1.504833320968179107e+08
-1.504833020331056416e+08
-1.504832728177352548e+08
-1.504832324883958399e+08
-1.504832171524215341e+08
-1.504832086395176351e+08
-1.504831618074756265e+08
-1.504831289125526547e+08
-1.504830995437286496e+08
-1.504830460036211610e+08
-1.504830210805005729e+08
-1.504830262768129408e+08
-1.504829891361347437e+08
-1.504829432660892904e+08
-1.504829090631080568e+08
-1.504828433062112629e+08
-1.504828278290636539e+08
-1.504827564834660292e+08
-1.504827544900059104e+08
-1.504827084544831216e+08
-1.504826628641313910e+08
-1.504826302307707965e+08
-1.504826073913744390e+08
-1.504825875923900902e+08
-1.504825691981901526e+08
-1.504825389310099185e+08
-1.504824923940495253e+08
-1.504824391800736189e+08
-1.504824120531276166e+08
-1.504823404362512231e+08
-1.504822724553036392e+08
-1.504822181701857150e+08
-1.504822102532931566e+08
-1.504821613592099845e+08
-1.504821444105908275e+08
-1.504821402287019789e+08
-1.504821282777907252e+08
-1.504820707518133223e+08
-1.504820605122886896e+08
-1.504820280132997632e+08
-1.504819974053821862e+08
-1.504819465551066697e+08
-1.504819466204898953e+08
-1.504819152900681794e+08
-1.504818902461576760e+08
-1.504818440551508665e+08
-1.504818159030715227e+08
-1.504817746340636313e+08
-1.504817128539335728e+08
-1.504816774318551719e+08
-1.504816069280376732e+08
-1.504815965728422403e+08
-1.504815862314296961e+08
-1.504815460868450105e+08
-1.504815173345941007e+08
-1.504815064229155481e+08
-1.504814665981709659e+08
-1.504814225468864739e+08
-1.504813777856565416e+08
-1.504813581372383237e+08
-1.504813574346414208e+08
-1.504813064309480488e+08
-1.504812501082400680e+08
-1.504812299717980325e+08
-1.504811746329666078e+08
-1.504811269093648791e+08
-1.504810974432746470e+08
-1.504810459394347966e+08
-1.504809767335836589e+08
-1.504809805760497451e+08
-1.504809257138359845e+08
-1.504808914014260173e+08
-1.504808454016194940e+08
-1.504807990412409902e+08
-1.504807645341929793e+08
-1.504807043061314523e+08
-1.504806662513437867e+08
-1.504806431591050625e+08
-1.504805775570080280e+08
-1.504805198121157885e+08
-1.504804880329971611e+08
-1.504804603636425138e+08
-1.504804252603546083e+08
-1.504804047670894265e+08
-1.504803497326857746e+08
-1.504803252628146112e+08
-1.504802741512589157e+08
-1.504801906362214684e+08
-1.504801689164372981e+08
-1.504801012250345647e+08
-1.504800502989442348e+08
-1.504799815597380996e+08
-1.504799266353616416e+08
-1.504798822610584497e+08
-1.504798211465270519e+08
-1.504797666143825650e+08
-1.504797308842169046e+08
-1.504796564085491896e+08
-1.504795961248460710e+08
-1.504795646034724116e+08
-1.504795223077400029e+08
-1.504794572588119805e+08
-1.504794125859118700e+08
-1.504793666777064204e+08
-1.504793369414241016e+08
-1.504793023413242698e+08
-1.504792387192100883e+08
-1.504791768013302982e+08
-1.504791176581699252e+08
-1.504790561268213689e+08
-1.504790047873009443e+08
-1.504789504258986712e+08
-1.504789012288863361e+08
-1.504788521057256758e+08
-1.504788046490228474e+08
-1.504787145503283441e+08
-1.504787103365878463e+08
-1.504786388075992167e+08
-1.504785734091449380e+08
-1.504785427836255431e+08
-1.504785181033126414e+08
-1.504784768379844725e+08
-1.504783861678731740e+08
-1.504783058761563599e+08
-1.504782906654464602e+08
-1.504782742061055005e+08
-1.504782130389543176e+08
-1.504781660296430290e+08
-1.504780640398100317e+08
-1.504780484652312398e+08
-1.504780167000541091e+08
-1.504780080871666372e+08
-1.504779347417089641e+08
-1.504778513272128105e+08
-1.504777852657702565e+08
-1.504777354584418833e+08
-1.504776880408661962e+08
-1.504776426786003709e+08
-1.504775675648930669e+08
-1.504775240764784813e+08
-1.504774729988965988e+08
-1.504774175160026848e+08
-1.504773346216476858e+08
-1.504772776138905585e+08
-1.504772409146019816e+08
-1.504771829861502051e+08
-1.504770866883284450e+08
-1.504769962457160056e+08
-1.504769368500000834e+08
-1.504768960108264089e+08
-1.504768554792270958e+08
-1.504767889570969343e+08
-1.504767430856424570e+08
-1.504766792647142112e+08
-1.504766010038909316e+08
-1.504765540660187900e+08
-1.504765172363082767e+08
-1.504764723671259880e+08
-1.504764188915008008e+08
-1.504763298063352108e+08
-1.504762475104754269e+08
-1.504761938894819915e+08
-1.504760940150803030e+08
-1.504760149316479266e+08
-1.504759653138190806e+08
-1.504758967249179482e+08
-1.504758321824353337e+08
-1.504757400179450810e+08
-1.504757068508523107e+08
-1.504756020429252684e+08
-1.504755536762007475e+08
-1.504754721454900503e+08
-1.504753742409110665e+08
-1.504752943492213190e+08
-1.504752320434513986e+08
-1.504751459322941005e+08
-1.504750505707753599e+08
-1.504749920971632302e+08
-1.504749418074362874e+08
-1.504748442732964754e+08
-1.504747953912812769e+08
-1.504747320575280786e+08
-1.504746931183838248e+08
-1.504746318926656544e+08
-1.504745357553600371e+08
-1.504744533674592376e+08
-1.504743676114796698e+08
-1.504743026354566813e+08
-1.504742761599023640e+08
-1.504742277293829918e+08
-1.504741541460054517e+08
-1.504740294685444534e+08
-1.504739508893619180e+08
-1.504739314147870541e+08
-1.504738490968655646e+08
-1.504737526837281883e+08
-1.504736931059564650e+08
-1.504735996237891316e+08
-1.504735562784035802e+08
-1.504735056613589823e+08
-1.504734122996273935e+08
-1.504733216819065511e+08
-1.504732279745528996e+08
-1.504732093332938254e+08
-1.504731520960521102e+08
-1.504731304169377387e+08
-1.504730169961729646e+08
-1.504729791764405966e+08
-1.504729048522986472e+08
-1.504728859483194947e+08
-1.504728338946193457e+08
-1.504727575303655565e+08
-1.504726678727819324e+08
-1.504725926379125416e+08
-1.504725144702504873e+08
-1.504724493314135075e+08
-1.504723639599126279e+08
-1.504722539600647688e+08
-1.504721425267648101e+08
-1.504720581428468227e+08
-1.504720063595653176e+08
-1.504719529979270399e+08
-1.504719195180194080e+08
-1.504718861012214720e+08
-1.504717692844626904e+08
-1.504716897414195538e+08
-1.504716495124534369e+08
-1.504715490719154179e+08
-1.504714961084398925e+08
-1.504714426528926194e+08
-1.504713390557285249e+08
-1.504712102905936539e+08
-1.504710709153220057e+08
-1.504710005258352757e+08
-1.504709179562225044e+08
-1.504707820167132914e+08
-1.504706770089246035e+08
-1.504705363172647655e+08
-1.504703932182396650e+08
-1.504703670605126619e+08
-1.504703659981032610e+08
-1.504703032389216721e+08
-1.504702354790389836e+08
-1.504701849016880095e+08
-1.504701011111651361e+08
-1.504700070435002148e+08
-1.504699179788907170e+08
-1.504698644590653479e+08
-1.504698182525666654e+08
-1.504697263970509470e+08
-1.504696676156240702e+08
-1.504695230208587945e+08
-1.504694423714295924e+08
-1.504693951725101173e+08
-1.504693183171203434e+08
-1.504692418597784042e+08
-1.504691220468681157e+08
-1.504690645952379107e+08
-1.504689911892677844e+08
-1.504689146307452321e+08
-1.504688495062144101e+08
-1.504687334719240665e+08
-1.504686595118788481e+08
-1.504685719211991429e+08
-1.504684675058261454e+08
-1.504683879030692875e+08
-1.504683226120711863e+08
-1.504682092956524789e+08
-1.504680534569987357e+08
-1.504679673658904135e+08
-1.504679332072589397e+08
-1.504678084232479930e+08
-1.504677195302195251e+08
-1.504675805790176988e+08
-1.504674648003934026e+08
-1.504673423583820760e+08
-1.504672039473043382e+08
-1.504671375819879472e+08
-1.504670547541484237e+08
-1.504670039697696865e+08
-1.504668984014991224e+08
-1.504668277912197113e+08
-1.504667618725683987e+08
-1.504666771455471516e+08
-1.504666016235307753e+08
-1.504665252574782372e+08
-1.504664910327108800e+08
-1.504664113640134037e+08
-1.504663875967371166e+08
-1.504662747292197049e+08
-1.504662106925610304e+08
-1.504661478362913728e+08
-1.504659711432278454e+08
-1.504658745553604364e+08
-1.504657375857570469e+08
-1.504656479256320298e+08
-1.504655939255826771e+08
-1.504655440232156813e+08
-1.504654268035535812e+08
-1.504654194674246609e+08
-1.504653388718106151e+08
-1.504651605549009740e+08
-1.504651032625553012e+08
-1.504650380967838466e+08
-1.504649447122492194e+08
-1.504648194946080148e+08
-1.504647518171688318e+08
-1.504645482040793300e+08
-1.504645354665172696e+08
-1.504644406262637675e+08
-1.504643389197890162e+08
-1.504642407281051576e+08
-1.504641065836831033e+08
-1.504639437494450808e+08
-1.504638508412057757e+08
-1.504637825996145308e+08
-1.504636876814593673e+08
-1.504635896126904488e+08
-1.504634820594319701e+08
-1.504633429919599295e+08
-1.504632657766416967e+08
-1.504632162002204657e+08
-1.504631626524437070e+08
-1.504630520536504388e+08
-1.504629173467774689e+08
-1.504628006666786671e+08
-1.504626436860255599e+08
-1.504625928643897474e+08
-1.504624953479130268e+08
-1.504624606203911006e+08
-1.504623722540057600e+08
-1.504622760720399618e+08
-1.504622005047656596e+08
-1.504620722547902763e+08
-1.504619446514578462e+08
-1.504618597760514617e+08
-1.504617481811593771e+08
-1.504616400333446264e+08
-1.504614692832954228e+08
-1.504613782278130949e+08
-1.504612698876037002e+08
-1.504611439092442691e+08
-1.504610768266032636e+08
-1.504609356367766857e+08
-1.504608331067981422e+08
-1.504606930911944509e+08
-1.504605841478862762e+08
-1.504605305356586874e+08
-1.504603245251979530e+08
-1.504602936441608369e+08
-1.504601715974447131e+08
-1.504600181395871639e+08
-1.504599651964189112e+08
-1.504598087454478145e+08
-1.504596210694267750e+08
-1.504594563003327847e+08
-1.504592944147428572e+08
-1.504591162100483775e+08
-1.504590539500431716e+08
-1.504589287109114826e+08
-1.504587977394911647e+08
-1.504586461774435341e+08
-1.504584461460499763e+08
-1.504583205929248631e+08
-1.504581288336203992e+08
-1.504579915426160991e+08
-1.504578793577549160e+08
-1.504578132230390310e+08
-1.504577536842363775e+08
-1.504576951971656084e+08
-1.504577014847984612e+08
-1.504575531814614534e+08
-1.504574099194474816e+08
-1.504572291799786687e+08
-1.504571278846945167e+08
-1.504570514816401601e+08
-1.504569214555359185e+08
-1.504568122699261010e+08
-1.504567352506520450e+08
-1.504566302229174674e+08
-1.504564940720814168e+08
-1.504563273691952825e+08
-1.504561841738046706e+08
-1.504560738894105554e+08
-1.504559717610972822e+08
-1.504558050208702087e+08
-1.504556151089943051e+08
-1.504554792326964438e+08
-1.504553450188980997e+08
-1.504552028029945195e+08
-1.504550805147596300e+08
-1.504549177333405912e+08
-1.504547041791461706e+08
-1.504545407896928191e+08
-1.504544578883539736e+08
-1.504543248486302495e+08
-1.504541779009706378e+08
-1.504539983762580156e+08
-1.504538330897573829e+08
-1.504536396998521984e+08
-1.504535585911665857e+08
-1.504534514218772054e+08
-1.504533093764795363e+08
-1.504532131472421587e+08
-1.504530951913337409e+08
-1.504529610409424603e+08
-1.504528119795545638e+08
-1.504526833566762209e+08
-1.504525584736871123e+08
-1.504524417122442722e+08
-1.504523023354339600e+08
-1.504521144994643331e+08
-1.504519529750958979e+08
-1.504518479757116735e+08
-1.504516976359692812e+08
-1.504515912172858417e+08
-1.504514178966210186e+08
-1.504512428707390130e+08
-1.504510873087229729e+08
-1.504508560361305177e+08
-1.504506758784927130e+08
-1.504505291925445795e+08
-1.504503213831673861e+08
-1.504502062733772993e+08
-1.504499448111782968e+08
-1.504497830986473560e+08
-1.504495655531622767e+08
-1.504494010564429462e+08
-1.504492534715594947e+08
-1.504490199553453922e+08
-1.504488457271047831e+08
-1.504485196088320613e+08
-1.504482703569311798e+08
-1.504480580788287520e+08
-1.504477921030988991e+08
-1.504476563332253695e+08
-1.504474670936052799e+08
-1.504472881863024831e+08
-1.504471985549590290e+08
-1.504470941616626978e+08
-1.504468676417059898e+08
-1.504467658612272143e+08
-1.504466387312370837e+08
-1.504465055299316645e+08
-1.504465143925266266e+08
-1.504463535340237617e+08
-1.504461959334806502e+08
-1.504460364426774681e+08
-1.504457965963927209e+08
-1.504456352706332505e+08
-1.504455647962438762e+08
-1.504454469084372520e+08
-1.504452344072987735e+08
-1.504450454365119040e+08
-1.504448814628850818e+08
-1.504446455168094337e+08
-1.504443596197143197e+08
-1.504442599162201881e+08
-1.504441975919754505e+08
-1.504439856172011495e+08
-1.504438110847885311e+08
-1.504435504154927731e+08
-1.504432198611692190e+08
-1.504430149274549782e+08
-1.504428396012609601e+08
-1.504427830731184483e+08
-1.504426489853966534e+08
-1.504425901018452346e+08
-1.504422968946212232e+08
-1.504421717210389078e+08
-1.504419161953739226e+08
-1.504417523313840032e+08
-1.504416719541702867e+08
-1.504414544083346426e+08
-1.504412431018664241e+08
-1.504411343587196767e+08
-1.504408257422927320e+08
-1.504406079451771379e+08
-1.504404183239312470e+08
-1.504402580440253615e+08
-1.504401048693649769e+08
-1.504399627476193607e+08
-1.504397396115809381e+08
-1.504395005068472326e+08
-1.504394528572050333e+08
-1.504391918296650648e+08
-1.504390528339727521e+08
-1.504388137876712382e+08
-1.504386030163245499e+08
-1.504383446202205420e+08
-1.504381785881187618e+08
-1.504378717110179961e+08
-1.504375921036754847e+08
-1.504375323716784418e+08
-1.504372577467407882e+08
-1.504369551606312096e+08
-1.504367431739488244e+08
-1.504364089247667193e+08
-1.504362474516795576e+08
-1.504359849739217758e+08
-1.504357822522118688e+08
-1.504355168083259463e+08
-1.504352765309952199e+08
-1.504350979385776818e+08
-1.504348739101075828e+08
-1.504346440707472861e+08
-1.504344992572293878e+08
-1.504342882673694491e+08
-1.504340997128382027e+08
-1.504338176403144598e+08
-1.504335246564160287e+08
-1.504332551441823244e+08
-1.504329688719540536e+08
-1.504327383040640652e+08
-1.504326006958634853e+08
-1.504323249166287780e+08
-1.504321574499666393e+08
-1.504320914015748501e+08
-1.504319729691644907e+08
-1.504317037006223798e+08
-1.504314661691468954e+08
-1.504313361490085423e+08
-1.504309297270196080e+08
-1.504308208840324581e+08
-1.504307212067052424e+08
-1.504304795645251870e+08
-1.504303283382919133e+08
-1.504302588682365417e+08
-1.504299101094029844e+08
-1.504297543149952292e+08
-1.504296956154058874e+08
-1.504295804618028104e+08
-1.504290235828672647e+08
-1.504286957363910973e+08
-1.504285363932812810e+08
-1.504283187627997398e+08
-1.504281701094557047e+08
-1.504280928093485832e+08
-1.504279389436245561e+08
-1.504277162327053249e+08
-1.504276191427745819e+08
-1.504274344263789058e+08
-1.504272304791385233e+08
-1.504270177146647274e+08
-1.504266288672699928e+08
-1.504265875528431833e+08
-1.504263958252645135e+08
-1.504261632744191289e+08
-1.504259273276122212e+08
-1.504257028103716969e+08
-1.504254906471315920e+08
-1.504252767471076250e+08
-1.504250981642490327e+08
-1.504248684052391052e+08
-1.504246117611912489e+08
-1.504244218826662898e+08
-1.504240840060025156e+08
-1.504239057479105890e+08
-1.504237243540468514e+08
-1.504234259839840531e+08
-1.504230932220576108e+08
-1.504226531185356677e+08
-1.504222761114089191e+08
-1.504219608739552796e+08
-1.504216765798300505e+08
-1.504213669104930162e+08
-1.504209166144914627e+08
-1.504205910785772800e+08
-1.504204437813524604e+08
-1.504202541215147674e+08
-1.504199415500777960e+08
-1.504197188765841722e+08
-1.504195313781439364e+08
-1.504193762233294547e+08
-1.504190992688545585e+08
-1.504187153320448399e+08
-1.504184460749404132e+08
-1.504181829688073993e+08
-1.504178131567157209e+08
-1.504174735216011703e+08
-1.504172196893651485e+08
-1.504170870238496065e+08
-1.504168387236033380e+08
-1.504166853659159243e+08
-1.504164464321875274e+08
-1.504161735813096166e+08
-1.504160689631671607e+08
-1.504155336941968203e+08
-1.504152266048602164e+08
-1.504149636272425056e+08
-1.504146113117331564e+08
-1.504141794839536548e+08
-1.504138325038305223e+08
-1.504135547333720922e+08
-1.504132006139754057e+08
-1.504128916959768236e+08
-1.504126592277963459e+08
-1.504125722175426185e+08
-1.504122681031939685e+08
-1.504119360957314670e+08
-1.504115157070038021e+08
-1.504110885690536797e+08
-1.504109107817779481e+08
-1.504107433612334728e+08
-1.504103351020750403e+08
-1.504100271386618912e+08
-1.504094165782833993e+08
-1.504089578391106129e+08
-1.504085904744950235e+08
-1.504082403394476175e+08
-1.504078972169485390e+08
-1.504075651805974543e+08
-1.504073466025299132e+08
-1.504069721344608068e+08
-1.504067689910857081e+08
-1.504065069487417638e+08
-1.504061730392049551e+08
-1.504058264097859859e+08
-1.504055980887823403e+08
-1.504051979976475835e+08
-1.504047566732776761e+08
-1.504044387381129265e+08
-1.504042733816826344e+08
-1.504041345373768508e+08
-1.504039038452279866e+08
-1.504037210339441299e+08
-1.504032652160211802e+08
-1.504029556329880655e+08
-1.504026780198577046e+08
-1.504023375101703107e+08
-1.504020203857013285e+08
-1.504015324997886419e+08
-1.504009787000797391e+08
-1.504006188395098448e+08
-1.504000986667807400e+08
-1.503994544451814294e+08
-1.503989217018411458e+08
-1.503985421315036714e+08
-1.503981978902178705e+08
-1.503980460097738206e+08
-1.503975667822708189e+08
-1.503971033950431645e+08
-1.503967419667336047e+08
-1.503962319875845313e+08
-1.503958347769010961e+08
-1.503954777713688314e+08
-1.503952275713573098e+08
-1.503948368242694736e+08
-1.503942262274035513e+08
-1.503938621570896804e+08
-1.503933380875202119e+08
-1.503929260671228766e+08
-1.503922767950937152e+08
-1.503917798514992297e+08
-1.503916161144617796e+08
-1.503915766563482583e+08
-1.503911575084913671e+08
-1.503908747858560979e+08
-1.503904189839463234e+08
-1.503898688265591562e+08
-1.503893101594043374e+08
-1.503887763249795735e+08
-1.503882645308435857e+08
-1.503879549948418140e+08
-1.503876706075812876e+08
-1.503871637815431356e+08
-1.503867085891116261e+08
-1.503862446164140701e+08
-1.503855706966619790e+08
-1.503852522318048775e+08
-1.503847650015698671e+08
-1.503841590821853578e+08
-1.503839092769552469e+08
-1.503835685584178567e+08
-1.503831530650321245e+08
-1.503827611212605238e+08
-1.503822982310710549e+08
-1.503816542165346146e+08
-1.503811455353940725e+08
-1.503807500964139700e+08
-1.503804638358910978e+08
-1.503802487363629341e+08
-1.503797260782410502e+08
-1.503792310963142812e+08
-1.503787539248029292e+08
-1.503782634487667680e+08
-1.503778889828420281e+08
-1.503773679947759509e+08
-1.503766021974898279e+08
-1.503761957943861783e+08
-1.503758182140633464e+08
-1.503754560758075118e+08
-1.503749305300452709e+08
-1.503743155272354186e+08
-1.503741394244461656e+08
-1.503739208468529582e+08
-1.503737658571579158e+08
-1.503734437988776565e+08
-1.503730269900515378e+08
-1.503724739922921956e+08
-1.503723135135895610e+08
-1.503718923651018739e+08
-1.503714023439045250e+08
-1.503710725519520938e+08
-1.503706256321873963e+08
-1.503699801740607321e+08
-1.503694779488106966e+08
-1.503691103747752309e+08
-1.503687417100445628e+08
-1.503685281450352967e+08
-1.503679015353191495e+08
-1.503674312898161709e+08
-1.503670363441512287e+08
-1.503665758085889518e+08
-1.503660713156869411e+08
-1.503655058831737339e+08
-1.503650057923049629e+08
-1.503644950621358454e+08
-1.503641241672380865e+08
-1.503635801971855462e+08
-1.503632214424107075e+08
-1.503626165827061534e+08
-1.503624197122328281e+08
-1.503622526080673635e+08
-1.503615972709133029e+08
-1.503611944065074921e+08
-1.503606043533746302e+08
-1.503601279148021042e+08
-1.503597473180927038e+08
-1.503593410385217369e+08
-1.503588234509223402e+08
-1.503581993566980958e+08
-1.503578840148597658e+08
-1.503575358714957833e+08
-1.503573716564222574e+08
-1.503569016199744046e+08
-1.503566170165114105e+08
-1.503562087752790153e+08
-1.503556158405546248e+08
-1.503551164157490134e+08
-1.503544693762109280e+08
-1.503542189690840244e+08
-1.503538495213817358e+08
-1.503531184440900385e+08
-1.503524400984919369e+08
-1.503520635984853506e+08
-1.503517972567865252e+08
-1.503516666108319759e+08
-1.503512290544410944e+08
-1.503507700510271788e+08
-1.503503925978425443e+08
-1.503498904158660471e+08
-1.503496606074622273e+08
-1.503492207333518267e+08
-1.503486536162677407e+08
-1.503481873846527338e+08
-1.503476303677316308e+08
-1.503469601042001247e+08
-1.503463317530903816e+08
-1.503456792166512311e+08
-1.503454060988773704e+08
-1.503448362672564685e+08
-1.503441714194685221e+08
-1.503434559696579278e+08
-1.503427226331339777e+08
-1.503423448675719798e+08
-1.503420155968229175e+08
-1.503413823007879257e+08
-1.503412345867739022e+08
-1.503406347990689278e+08
-1.503399515083050132e+08
-1.503393802004288137e+08
-1.503387308587056398e+08
-1.503383506512466967e+08
-1.503377649128651917e+08
-1.503373696572753489e+08
-1.503372217882051766e+08
-1.503368927639838755e+08
-1.503360612286818326e+08
-1.503357715695158243e+08
-1.503350996583383977e+08
-1.503346861670372784e+08
-1.503340552102564871e+08
-1.503331491405179501e+08
-1.503326122012207806e+08
-1.503319297103410065e+08
-1.503315180515272021e+08
-1.503310888191920817e+08
-1.503306740647334754e+08
-1.503302672559372783e+08
-1.503298249393679500e+08
-1.503292760703274608e+08
-1.503285425794207156e+08
-1.503275706300722361e+08
-1.503268463772100508e+08
-1.503260947275966108e+08
-1.503255574302236736e+08
-1.503249002941344082e+08
-1.503242284943851829e+08
-1.503237056370959282e+08
-1.503232562894760370e+08
-1.503226945137709379e+08
-1.503222538886125386e+08
-1.503212829873433411e+08
-1.503208258174332976e+08
-1.503201916471039057e+08
-1.503194371562265456e+08
-1.503188515229701102e+08
-1.503185683017545640e+08
-1.503181040545199215e+08
-1.503172813412546515e+08
-1.503169862195434570e+08
-1.503165955335074961e+08
-1.503161019898240566e+08
-1.503155155672580898e+08
-1.503146961999453902e+08
-1.503139480325823724e+08
-1.503136829277597070e+08
-1.503128965214033127e+08
-1.503122583454882801e+08
-1.503116088049491048e+08
-1.503107287225030363e+08
-1.503102160389694273e+08
-1.503095824594385624e+08
-1.503093059973104596e+08
-1.503084791066154838e+08
-1.503078829031036198e+08
-1.503071593476748168e+08
-1.503063308101197481e+08
-1.503055395927257240e+08
-1.503049767981010973e+08
-1.503045488768528402e+08
-1.503036696304750443e+08
-1.503030585400130451e+08
-1.503025209741457105e+08
-1.503018990541164875e+08
-1.503010892144949734e+08
-1.503003416066477597e+08
-1.502994950384174585e+08
-1.502990699969596267e+08
-1.502983718711106479e+08
-1.502981468764607608e+08
-1.502976644742828608e+08
-1.502970453833319545e+08
-1.502961728446188271e+08
-1.502957283715373278e+08
-1.502945970523780584e+08
-1.502938732373528779e+08
-1.502938732823938429e+08
-1.502933023805231452e+08
-1.502928360255447328e+08
-1.502925560146189630e+08
-1.502920256244396567e+08
-1.502914683138915300e+08
-1.502907571543448865e+08
-1.502900757209611535e+08
-1.502891465839093328e+08
-1.502886943466804922e+08
-1.502876766349210441e+08
-1.502869702590189576e+08
-1.502864646233998835e+08
-1.502858254034336209e+08
-1.502850354004330635e+08
-1.502844319770344496e+08
-1.502833058138358295e+08
-1.502826976890361011e+08
-1.502821515282025337e+08
-1.502814078966528773e+08
-1.502805347506539524e+08
-1.502792257911523581e+08
-1.502783662785987854e+08
-1.502773580931020081e+08
-1.502768428267023265e+08
-1.502757596408387125e+08
-1.502751942120634913e+08
-1.502741192000234723e+08
-1.502728462780608237e+08
-1.502720920386701524e+08
-1.502708996483680010e+08
-1.502702706255736351e+08
-1.502696401215123236e+08
-1.502689492311910689e+08
-1.502681767889755964e+08
-1.502674915081633627e+08
-1.502664582816474140e+08
-1.502655873796512187e+08
-1.502646310086556971e+08
-1.502634734269837141e+08
-1.502629409288065732e+08
-1.502621417352430522e+08
-1.502613193137959838e+08
-1.502607365245223045e+08
-1.502598208515879214e+08
-1.502588707129941285e+08
-1.502580410835728645e+08
-1.502574864758744538e+08
-1.502564267385454178e+08
-1.502553907301014662e+08
-1.502542922412866652e+08
-1.502534641498923898e+08
-1.502524117174299359e+08
-1.502516349638265967e+08
-1.502509888693926930e+08
-1.502503492833127081e+08
-1.502493576755903065e+08
-1.502489870345144272e+08
-1.502480216352783740e+08
-1.502469355624509156e+08
-1.502453078288735449e+08
-1.502442596981327236e+08
-1.502432738052227497e+08
-1.502426726421571076e+08
-1.502421000258461237e+08
-1.502413657583724856e+08
-1.502403738895125389e+08
-1.502394472789723277e+08
-1.502390183566801250e+08
-1.502383303642508090e+08
-1.502377862184106112e+08
-1.502365112855496407e+08
-1.502355136923420727e+08
-1.502349467162647545e+08
-1.502337283535130024e+08
-1.502323617512893379e+08
-1.502309727595784664e+08
-1.502307010883825123e+08
-1.502300600195017457e+08
-1.502288723938554823e+08
-1.502274382768489420e+08
-1.502265344075659811e+08
-1.502255116073792577e+08
-1.502252435995372832e+08
-1.502239070621531606e+08
-1.502229528699950576e+08
-1.502227994035741985e+08
-1.502223047947677672e+08
-1.502212969025034010e+08
-1.502207488187526464e+08
-1.502203865733306408e+08
-1.502194725318732560e+08
-1.502189599087457359e+08
-1.502183978042652309e+08
-1.502175032902159989e+08
-1.502163687117224634e+08
-1.502151669076616466e+08
-1.502141547671823204e+08
-1.502137754392308593e+08
-1.502128939947733581e+08
-1.502123644392918348e+08
-1.502114903658929765e+08
-1.502108963425022960e+08
-1.502100422170535624e+08
-1.502097946056261659e+08
-1.502088674719498158e+08
-1.502082097461767197e+08
-1.502071823644094467e+08
-1.502062869238989055e+08
-1.502055687278763056e+08
-1.502047846308406889e+08
-1.502033097045723498e+08
-1.502024547061409056e+08
-1.502012049679083824e+08
-1.502002453969331980e+08
-1.501996067950859368e+08
-1.501989631895799935e+08
-1.501977726817551553e+08
-1.501968173202837408e+08
-1.501957483966268301e+08
-1.501938477554524243e+08
-1.501934852704948783e+08
-1.501917608149583936e+08
-1.501914218498808444e+08
-1.501908193898170292e+08
-1.501899418648180366e+08
-1.501882659130160213e+08
-1.501869404384392202e+08
-1.501859713041441143e+08
-1.501840071110962033e+08
-1.501826837586089373e+08
-1.501816321940234900e+08
-1.501807850013967156e+08
-1.501797353331398666e+08
-1.501783392344282568e+08
-1.501773591362287402e+08
-1.501759119992260337e+08
-1.501745708194184899e+08
-1.501731577166204154e+08
-1.501717073240010738e+08
-1.501708738258130550e+08
-1.501687395492495298e+08
-1.501678060685414672e+08
-1.501666026967345178e+08
-1.501659257408203483e+08
-1.501652610121875107e+08
-1.501642880731719434e+08
-1.501622133259434700e+08
-1.501607643066500723e+08
-1.501591594643990695e+08
-1.501579028449354768e+08
-1.501569949953039289e+08
-1.501557028093418479e+08
-1.501545141799143255e+08
-1.501529371571932733e+08
-1.501523211418396533e+08
-1.501513111744785607e+08
-1.501499381924627423e+08
-1.501488875945531130e+08
-1.501477860788401663e+08
-1.501466856351966560e+08
-1.501455349048838913e+08
-1.501443779495788217e+08
-1.501433368666766584e+08
-1.501417639081278145e+08
-1.501402613160828650e+08
-1.501391949357340932e+08
-1.501376859198332131e+08
-1.501368696185923219e+08
-1.501351404630429447e+08
-1.501340643966558576e+08
-1.501337120399899781e+08
-1.501324483589110970e+08
-1.501316850224404633e+08
-1.501308299962208867e+08
-1.501292115598230064e+08
-1.501287316998901963e+08
-1.501277150619996488e+08
-1.501260282910475135e+08
-1.501244031547554135e+08
-1.501227393958072960e+08
-1.501220076857672036e+08
-1.501210699006979167e+08
-1.501196430955866873e+08
-1.501175636006338000e+08
-1.501166353933419585e+08
-1.501146920416894257e+08
-1.501133991018826962e+08
-1.501118430205647051e+08
-1.501099370762750208e+08
-1.501086839220514596e+08
-1.501074294450596869e+08
-1.501056808396717310e+08
-1.501044230110257566e+08
-1.501034809487806559e+08
-1.501022086303871870e+08
-1.501004228722711802e+08
-1.500993245853345394e+08
-1.500976846226960421e+08
-1.500962735741053522e+08
-1.500938878554288447e+08
-1.500924552815988958e+08
-1.500901238669343889e+08
-1.500877562773025036e+08
-1.500865359380599856e+08
-1.500844936227283180e+08
-1.500838661482519507e+08
-1.500816654465809464e+08
-1.500810576455392838e+08
-1.500798873059647977e+08
-1.500777283721060753e+08
-1.500765834978004992e+08
-1.500746662198685110e+08
-1.500731280875475109e+08
-1.500714605748251081e+08
-1.500702970619314313e+08
-1.500696089246834815e+08
-1.500681444329593778e+08
-1.500668060947933793e+08
-1.500653954123140275e+08
-1.500633886660228968e+08
-1.500619781864208579e+08
-1.500609368451183140e+08
-1.500591894749493003e+08
-1.500575644209679365e+08
-1.500564076208748519e+08
-1.500549343739495277e+08
-1.500533085036963522e+08
-1.500518701908079386e+08
-1.500514070600266457e+08
-1.500500342421539426e+08
-1.500488408306388855e+08
-1.500479044472642541e+08
-1.500458876815451086e+08
-1.500438853073190749e+08
-1.500417899727408290e+08
-1.500399383657389581e+08
-1.500387847793519795e+08
-1.500371620500995219e+08
-1.500358067963319421e+08
-1.500338716934553385e+08
-1.500315953308737874e+08
-1.500300389409924746e+08
-1.500281075015627146e+08
-1.500251543511067033e+08
-1.500238975650483072e+08
-1.500215626784407794e+08
-1.500199113488782346e+08
-1.500181984067755938e+08
-1.500160357652465999e+08
-1.500152704536429048e+08
-1.500132088974997103e+08
-1.500118003702765107e+08
-1.500089542502938211e+08
-1.500069513953134120e+08
-1.500053545747577548e+08
-1.500035033121938407e+08
-1.500014746006687880e+08
-1.500006545233918428e+08
-1.499981501389741898e+08
-1.499960787221784294e+08
-1.499942108035074174e+08
-1.499907341935004592e+08
-1.499890019289914966e+08
-1.499875864665251970e+08
-1.499856855112386048e+08
-1.499830603659540713e+08
-1.499811016667408347e+08
-1.499793384521029890e+08
-1.499780916099925637e+08
-1.499753817298532426e+08
-1.499742142517542541e+08
-1.499718736875093579e+08
-1.499692249872936606e+08
-1.499675858055923879e+08
-1.499651134091719687e+08
-1.499627639951172471e+08
-1.499608310682340860e+08
-1.499597854005893469e+08
-1.499586183239956498e+08
-1.499565161964656711e+08
-1.499542113071725368e+08
-1.499522733517961800e+08
-1.499502526666829288e+08
-1.499498560112177134e+08
-1.499476010663625002e+08
-1.499448618018852770e+08
-1.499426436599547565e+08
-1.499402627219739854e+08
-1.499384537867495418e+08
-1.499361748114444613e+08
-1.499341192939114273e+08
-1.499308045809550583e+08
-1.499287037587046921e+08
-1.499265624940277934e+08
-1.499248780888394415e+08
-1.499235684542856812e+08
-1.499227403110835850e+08
-1.499205513225052357e+08
-1.499189648248744905e+08
-1.499166508422938883e+08
-1.499140300534599721e+08
-1.499112611131484210e+08
-1.499091856499586105e+08
-1.499073677721086144e+08
-1.499048731764868200e+08
-1.499033010636006296e+08
-1.499003601910084784e+08
-1.498972010223627388e+08
-1.498949700286234915e+08
-1.498921993148831427e+08
-1.498908850397478938e+08
-1.498876568819732368e+08
-1.498840447008216083e+08
-1.498820585223885179e+08
-1.498799041177153885e+08
-1.498773128259235024e+08
-1.498746276249770820e+08
-1.498708375566434562e+08
-1.498673519834674299e+08
-1.498633273609569967e+08
-1.498602285354396999e+08
-1.498586962230603695e+08
-1.498569754541857243e+08
-1.498551020570807159e+08
-1.498533520022326410e+08
-1.498506174380105436e+08
-1.498483424953585565e+08
-1.498459546189177334e+08
-1.498441797025932670e+08
-1.498414489566746354e+08
-1.498392343169271946e+08
-1.498369657933460176e+08
-1.498351447297877669e+08
-1.498322082618864179e+08
-1.498285700046737194e+08
-1.498269907001767755e+08
-1.498242855110496581e+08
-1.498218583639351130e+08
-1.498217215444124937e+08
-1.498190804907850027e+08
-1.498178210449464321e+08
-1.498139295147253871e+08
-1.498102641042849123e+08
-1.498079969616695344e+08
-1.498051657087822855e+08
-1.498034790803824961e+08
-1.498029860558151305e+08
-1.498014155388239324e+08
-1.497994277649947405e+08
-1.497957122995443940e+08
-1.497948173489578962e+08
-1.497923307798888385e+08
-1.497894212041578889e+08
-1.497872917296385169e+08
-1.497852601754043698e+08
-1.497828819140008092e+08
-1.497785126390487254e+08
-1.497756600408231318e+08
-1.497738272398853004e+08
-1.497700552577832937e+08
-1.497686264289990664e+08
-1.497657306377806664e+08
-1.497639540632630289e+08
-1.497610353971168399e+08
-1.497591588084245324e+08
-1.497584688557614982e+08
-1.497568357673450708e+08
-1.497534757942496538e+08
-1.497500322576008439e+08
-1.497476440207510293e+08
-1.497459127463403046e+08
-1.497426524561057985e+08
-1.497405378392754793e+08
-1.497368293241371810e+08
-1.497338908336584568e+08
-1.497312051864497662e+08
-1.497296262422608137e+08
-1.497281439411721826e+08
-1.497257303225659728e+08
-1.497229560757719874e+08
-1.497210013593732119e+08
-1.497190844480295479e+08
-1.497161543472605050e+08
-1.497158443187839687e+08
-1.497120758575307727e+08
-1.497094066435467601e+08
-1.497076319588652551e+08
-1.497020994797326624e+08
-1.496995287442718148e+08
-1.496982187753394544e+08
-1.496944231253458560e+08
-1.496913572794901431e+08
-1.496879294619678855e+08
-1.496847016973361671e+08
-1.496816714418821633e+08
-1.496779068988055289e+08
-1.496746889812994599e+08
-1.496724996786397398e+08
-1.496702689335109591e+08
-1.496690425462858975e+08
-1.496634309377272725e+08
-1.496614775537550151e+08
-1.496587550583902597e+08
-1.496546977142744958e+08
-1.496511999384517968e+08
-1.496477342807484865e+08
-1.496474196828488708e+08
-1.496444814474073946e+08
-1.496398706133522391e+08
-1.496361961416120827e+08
-1.496336262498564720e+08
-1.496309534347056448e+08
-1.496273494007622898e+08
-1.496239369344553351e+08
-1.496213480318889320e+08
-1.496183799383563697e+08
-1.496153307309606969e+08
-1.496112490799668729e+08
-1.496079248276875615e+08
-1.496050532982717156e+08
-1.496016419294181466e+08
-1.495969755554095209e+08
-1.495930416419876814e+08
-1.495877136818601787e+08
-1.495841562292711735e+08
-1.495809670512133837e+08
-1.495760068347164989e+08
-1.495726453555103540e+08
-1.495682431348381341e+08
-1.495634822309610844e+08
-1.495597134755690098e+08
-1.495545205245648324e+08
-1.495514418533608913e+08
-1.495476260323287547e+08
-1.495417051783334315e+08
-1.495376585733416080e+08
-1.495358400116436183e+08
-1.495335992217012942e+08
-1.495302597280685306e+08
-1.495270507552306056e+08
-1.495222679826736450e+08
-1.495184812551731169e+08
-1.495152037771826386e+08
-1.495111428480572104e+08
-1.495069321161018610e+08
-1.495044942600221336e+08
-1.494985583455671966e+08
-1.494960697918562293e+08
-1.494903681110899448e+08
-1.494871252605174482e+08
-1.494827023630162776e+08
-1.494804490785518587e+08
-1.494774279693156481e+08
-1.494735980726602376e+08
-1.494704041268115044e+08
-1.494683103742015958e+08
-1.494646400378904939e+08
-1.494631928688229918e+08
-1.494587938539032638e+08
-1.494558007398231626e+08
-1.494543203870399296e+08
-1.494494918977480233e+08
-1.494463080941755176e+08
-1.494426692781030536e+08
-1.494383622654101253e+08
-1.494343568061768413e+08
-1.494304425677779019e+08
-1.494265345528489947e+08
-1.494217225293373168e+08
-1.494178084717679024e+08
-1.494137013847000003e+08
-1.494090754486068189e+08
-1.494043129634109139e+08
-1.494005613001985550e+08
-1.493963445754863024e+08
-1.493933859132218361e+08
-1.493892169708648920e+08
-1.493846594348978400e+08
-1.493790127386777699e+08
-1.493765799628961682e+08
-1.493726948758156300e+08
-1.493676768637843132e+08
-1.493614556678253412e+08
-1.493599757621441483e+08
-1.493542016223014891e+08
-1.493493621139100790e+08
-1.493449859477103055e+08
-1.493399478315789104e+08
-1.493374731582769156e+08
-1.493325459341200888e+08
-1.493259954643786550e+08
-1.493207722774136066e+08
-1.493170027182606161e+08
-1.493142446633350551e+08
-1.493071318363158405e+08
-1.493021588868127465e+08
-1.492960129264003038e+08
-1.492902062013654113e+08
-1.492859974512673020e+08
-1.492819223127083480e+08
-1.492764847811450660e+08
-1.492736233925420940e+08
-1.492695186841719747e+08
-1.492631502363159955e+08
-1.492564170374360681e+08
-1.492516589246598780e+08
-1.492455837906097770e+08
-1.492399934168286622e+08
-1.492374634155902267e+08
-1.492344706192938685e+08
-1.492292445847426355e+08
-1.492235225012217164e+08
-1.492172675910276175e+08
-1.492122183127544820e+08
-1.492069146197859943e+08
-1.492021805124803185e+08
-1.491972539741320610e+08
-1.491923300395975709e+08
-1.491877975994558632e+08
-1.491850624568112493e+08
-1.491772368042796850e+08
-1.491720060924802423e+08
-1.491670445790207684e+08
-1.491645526651196182e+08
-1.491591946799286008e+08
-1.491522947885610163e+08
-1.491483505957164466e+08
-1.491414916086253524e+08
-1.491381779372232854e+08
-1.491301729823875427e+08
-1.491248905108982921e+08
-1.491188274046897590e+08
-1.491127994586373270e+08
-1.491061237895238996e+08
-1.491010116676092148e+08
-1.490960411376442015e+08
-1.490922350360498428e+08
-1.490866454507270753e+08
-1.490824685499594808e+08
-1.490756824770758748e+08
-1.490700826318564117e+08
-1.490621771442407370e+08
-1.490563995267537832e+08
-1.490492526405626833e+08
-1.490436209027363658e+08
-1.490380303460365832e+08
-1.490313926863889098e+08
-1.490242233752747774e+08
-1.490207160485302210e+08
-1.490148921714012921e+08
-1.490080679657293558e+08
-1.490020689168171585e+08
-1.489937165753270388e+08
-1.489885624736635387e+08
-1.489811040991275907e+08
-1.489768968366367221e+08
-1.489690019241476655e+08
-1.489605507604646087e+08
-1.489552894239304066e+08
-1.489493781512383223e+08
-1.489417825610394776e+08
-1.489366734263243377e+08
-1.489320592172172964e+08
-1.489230304779292345e+08
-1.489169005823371410e+08
-1.489100222624822259e+08
-1.489049635729243755e+08
-1.488951233514909744e+08
-1.488880802180079222e+08
-1.488826214256919026e+08
-1.488748642285401225e+08
-1.488665409544796348e+08
-1.488614138074035048e+08
-1.488557927103838921e+08
-1.488500343029192984e+08
-1.488431331183945537e+08
-1.488361468421851993e+08
-1.488313756092740893e+08
-1.488258199397320747e+08
-1.488182048240937591e+08
-1.488113345906161964e+08
-1.488025197287439406e+08
-1.487942434896710813e+08
-1.487852160606448948e+08
-1.487739166305283606e+08
-1.487669477933975458e+08
-1.487609368004209995e+08
-1.487493932453063428e+08
-1.487436469248068929e+08
-1.487350067734845579e+08
-1.487296812108864784e+08
-1.487188611466645598e+08
-1.487148579800846577e+08
-1.487042706546319723e+08
-1.486975237862443626e+08
-1.486895592158842981e+08
-1.486801895837992132e+08
-1.486700455985416472e+08
-1.486612130365048051e+08
-1.486558930837001204e+08
-1.486436727348351479e+08
-1.486373202946347892e+08
-1.486287932709525526e+08
-1.486228439414555728e+08
-1.486166709875205159e+08
-1.486060679635944068e+08
-1.485979171746519804e+08
-1.485849299176959395e+08
-1.485727893902919292e+08
-1.485663603760495186e+08
-1.485581037415635586e+08
-1.485503401994050145e+08
-1.485429222608655691e+08
-1.485315765826290250e+08
-1.485201046781277657e+08
-1.485144381867989600e+08
-1.485025998428241014e+08
-1.484983783074004054e+08
-1.484904299170727730e+08
-1.484823988892047703e+08
-1.484755870441361964e+08
-1.484676450306657255e+08
-1.484605005858734250e+08
-1.484523281510593295e+08
-1.484417182266149521e+08
-1.484299582733877003e+08
-1.484215409047378004e+08
-1.484123731305205822e+08
-1.484036916016749144e+08
-1.484002909687455595e+08
-1.483924928533373475e+08
-1.483822203988234401e+08
-1.483729595157262385e+08
-1.483647820094009936e+08
-1.483560925982590914e+08
-1.483480573066421747e+08
-1.483432616156385243e+08
-1.483288808844758272e+08
-1.483203004160076976e+08
-1.483065410457279086e+08
-1.482936448365102410e+08
-1.482839572012528181e+08
-1.482690181080661416e+08
-1.482531201126873195e+08
-1.482428523312647343e+08
-1.482310014670090079e+08
-1.482210744012345076e+08
-1.482075752315276265e+08
-1.481988995267004967e+08
-1.481882135642900467e+08
-1.481802215397204757e+08
-1.481702760209503174e+08
-1.481628586264291406e+08
-1.481537740537909567e+08
-1.481463306070922911e+08
-1.481355477772184908e+08
-1.481214963408324420e+08
-1.481081267439102530e+08
-1.480947259926581979e+08
-1.480875283831002116e+08
-1.480753004372008741e+08
-1.480658260458146632e+08
-1.480567084723433852e+08
-1.480470185663831532e+08
-1.480361896426967084e+08
-1.480273615813122988e+08
-1.480166764054686725e+08
-1.480031816443841159e+08
-1.479925624377543926e+08
-1.479852987123510540e+08
-1.479686038079223931e+08
-1.479519947847091556e+08
-1.479406191192277670e+08
-1.479253158771686852e+08
-1.479110661787417829e+08
-1.478967959462836385e+08
-1.478822259813625813e+08
-1.478716649839343727e+08
-1.478586571430960000e+08
-1.478466464878086150e+08
-1.478287465029623508e+08
-1.478143958957353830e+08
-1.477997303309184611e+08
-1.477814968361559808e+08
-1.477654413914963305e+08
-1.477498581347316802e+08
-1.477402927682985067e+08
-1.477265749042290747e+08
-1.477190298335533738e+08
-1.477011257041997910e+08
-1.476837184712738395e+08
-1.476658019010410309e+08
-1.476504003345259428e+08
-1.476337109771536589e+08
-1.476161580120345354e+08
-1.475994965359948277e+08
-1.475859969475418031e+08
-1.475693564463289976e+08
-1.475548488823333681e+08
-1.475455763333382308e+08
-1.475365472359127104e+08
-1.475248332545863688e+08
-1.475109953202254474e+08
-1.474978846675284505e+08
-1.474863644993981719e+08
-1.474784468226758838e+08
-1.474624488642923832e+08
-1.474472308939050138e+08
-1.474293990210348070e+08
-1.474133034300412536e+08
-1.473966239198270440e+08
-1.473893825779424608e+08
-1.473760477382283211e+08
-1.473578992743101716e+08
-1.473491677713052034e+08
-1.473384671173368990e+08
-1.473253520513768494e+08
-1.473085906487672329e+08
-1.473004221600512266e+08
-1.472773014244085848e+08
-1.472643384600364864e+08
-1.472424517852408886e+08
-1.472220570754213333e+08
-1.472100098246827722e+08
-1.471908746790407896e+08
-1.471754545341317058e+08
-1.471599256998852193e+08
-1.471415552738983929e+08
-1.471215550944967270e+08
-1.471015474790104926e+08
-1.470872118922404647e+08
-1.470707679534260333e+08
-1.470564075352534056e+08
-1.470421034345800281e+08
-1.470208051733047068e+08
-1.470052214987284243e+08
-1.469920587921241820e+08
-1.469791522979379296e+08
-1.469610828904495835e+08
-1.469423906252570152e+08
-1.469310511760078073e+08
-1.469124497358125150e+08
-1.468965445655814707e+08
-1.468792775651312470e+08
-1.468606131251614094e+08
-1.468445154120312631e+08
-1.468242396710084081e+08
-1.468030308828504682e+08
-1.467879282223937511e+08
-1.467733800146175623e+08
-1.467546288700938523e+08
-1.467427724942746758e+08
-1.467282822176991105e+08
-1.467124882806337774e+08
-1.466954295450572670e+08
-1.466764581594251692e+08
-1.466514537903683484e+08
-1.466384799678662121e+08
-1.466194623322576880e+08
-1.466001850272411704e+08
-1.465742789092290998e+08
-1.465564177825562954e+08
-1.465379583593392372e+08
-1.465224587269984186e+08
-1.465040947019816637e+08
-1.464888337409839630e+08
-1.464678655910784602e+08
-1.464487228678656816e+08
-1.464297494332856834e+08
-1.464092446806849241e+08
-1.463840081402204037e+08
-1.463608571220987439e+08
-1.463445435045090318e+08
-1.463236135089583993e+08
-1.463137398078981638e+08
-1.462941490563471019e+08
-1.462789149704374969e+08
-1.462553122205932438e+08
-1.462321142328738272e+08
-1.462063794421679378e+08
-1.461896654049159884e+08
-1.461627893915890157e+08
-1.461422669726415873e+08
-1.461199266876560450e+08
-1.461047474816855192e+08
-1.460888431433252096e+08
-1.460723588265045881e+08
-1.460546555627692938e+08
-1.460290403429876268e+08
-1.460148718291525841e+08
-1.459906305786460340e+08
-1.459681006776055098e+08
-1.459477009249946475e+08
-1.459259859214260578e+08
-1.459095528614610434e+08
-1.458831864296548963e+08
-1.458519220088528991e+08
-1.458221734054893553e+08
-1.458122709153780043e+08
-1.457960755332054198e+08
-1.457864117030456066e+08
-1.457643801879718304e+08
-1.457395308423638344e+08
-1.457144182266336977e+08
-1.456826438079495132e+08
-1.456565574109626710e+08
-1.456385117308991253e+08
-1.456098210374883115e+08
-1.455759364476737678e+08
-1.455615796571036279e+08
-1.455471762101784647e+08
-1.455238790368776619e+08
-1.454945331519881785e+08
-1.454708334243226349e+08
-1.454485802017821074e+08
-1.454112587274850011e+08
-1.453839277588171363e+08
-1.453664732368544042e+08
-1.453389708059589565e+08
-1.453153057611273229e+08
-1.452865976624895036e+08
-1.452642027517946661e+08
-1.452366253484626710e+08
-1.452039910583525300e+08
-1.451740359692096114e+08
-1.451486192063191235e+08
-1.451270018055501580e+08
-1.450992406720788777e+08
-1.450731763066467941e+08
-1.450445252292596400e+08
-1.450249052322725952e+08
-1.449929679802050889e+08
-1.449698985510560572e+08
-1.449457687902173400e+08
-1.449056691950424910e+08
-1.448738522177581787e+08
-1.448480424803362489e+08
-1.448139698193764091e+08
-1.447791221692135334e+08
-1.447552539314483106e+08
-1.447187813571463823e+08
-1.446859473355900645e+08
-1.446452357778255939e+08
-1.446230213472065926e+08
-1.445968445077522695e+08
-1.445583706176432669e+08
-1.445291422435159683e+08
-1.445056719988214970e+08
-1.444606792258176208e+08
-1.444316629984584749e+08
-1.444001858853359818e+08
-1.443752423081691265e+08
-1.443262642109857798e+08
-1.443067228900228739e+08
-1.442673713770251274e+08
-1.442388379156161547e+08
-1.442080647534739971e+08
-1.441692853940912485e+08
-1.441269593152399957e+08
-1.440916116282417476e+08
-1.440469571296395361e+08
-1.440048478436107337e+08
-1.439675385432221293e+08
-1.439376457396575809e+08
-1.438945064148011208e+08
-1.438643905048272908e+08
-1.438273889511303604e+08
-1.437814662005748749e+08
-1.437552302569300532e+08
-1.437078885050085485e+08
-1.436823113804554045e+08
-1.436616783936449289e+08
-1.436393747158148289e+08
-1.436163987352616489e+08
-1.435668652888713479e+08
-1.435117667249137759e+08
-1.434676903417539597e+08
-1.434150884689695835e+08
-1.433639603865002990e+08
-1.433222455067757964e+08
-1.432900623488380909e+08
-1.432485085024013221e+08
-1.432047227977010906e+08
-1.431619906891211867e+08
-1.431070869730352759e+08
-1.430528038685076833e+08
-1.430116273946832120e+08
-1.429567828294233680e+08
-1.429219999822044373e+08
-1.428655239924339056e+08
-1.428238427857886553e+08
-1.427722571394724846e+08
-1.427306204453697205e+08
-1.426962520056402087e+08
-1.426477415063031912e+08
-1.425994093487250209e+08
-1.425408054395170808e+08
-1.424835988380020857e+08
-1.424478830452545583e+08
-1.424152082314230800e+08
-1.423867515302637815e+08
-1.423428810957630873e+08
-1.422917727276297212e+08
-1.422366044160618782e+08
-1.421715817503888011e+08
-1.421276843441721201e+08
-1.420784760674593449e+08
-1.420336153647817373e+08
-1.419647155968155265e+08
-1.419115729717659950e+08
-1.418494570054231286e+08
-1.417867620051218867e+08
-1.417345395100884140e+08
-1.416975282825796008e+08
-1.416280226588431597e+08
-1.415686665543485284e+08
-1.415112357817406058e+08
-1.414521587709974945e+08
-1.413888178195272684e+08
-1.413428408982096314e+08
-1.412820526127829552e+08
-1.412195800248510838e+08
-1.411922933437718451e+08
-1.411184055007498264e+08
-1.410567783240411878e+08
-1.410008735063245296e+08
-1.409310936005064249e+08
-1.408467579599190354e+08
-1.407893567668596506e+08
-1.407329654659776688e+08
-1.407048940255048573e+08
-1.406345750858315229e+08
-1.405482405677642822e+08
-1.404921654995619357e+08
-1.404573750398257971e+08
-1.403780685945457816e+08
-1.403260518717736006e+08
-1.402475510134323835e+08
-1.401961304465000629e+08
-1.401196450878938138e+08
-1.400613270884365439e+08
-1.399853772198942006e+08
-1.399274810594823658e+08
-1.398705651837193966e+08
-1.398014764317120016e+08
-1.397556295494310856e+08
-1.397099256480422020e+08
-1.396498850163141489e+08
-1.395727930294149518e+08
-1.395340422703143954e+08
-1.394740438671929836e+08
-1.394095794509395361e+08
-1.393519243211729527e+08
-1.392859841546702385e+08
-1.392316541198917329e+08
-1.391677560006617606e+08
-1.391206877057403326e+08
-1.390392428658479154e+08
-1.390022837900054753e+08
-1.389306457629196644e+08
-1.388871090362576246e+08
-1.387961658336118162e+08
-1.387273937846858501e+08
-1.386643804344648719e+08
-1.385630650276809335e+08
-1.385100678950216770e+08
-1.384381444016898274e+08
-1.383697145147065520e+08
-1.383067260978557467e+08
-1.382461582850457430e+08
-1.381856633798266053e+08
-1.381548477674003839e+08
-1.381088265140561759e+08
-1.380803757861196697e+08
-1.380151181764468551e+08
-1.379302104609720409e+08
-1.378669198894261122e+08
-1.378119724911808670e+08
-1.377358555984012485e+08
-1.376354140081557333e+08
-1.375852274799790978e+08
-1.375341577308284640e+08
-1.374703702930824459e+08
-1.374417039268464446e+08
-1.373575653329840899e+08
-1.373312527017016411e+08
-1.372595251552200913e+08
-1.372039890618733466e+08
-1.371317392586399317e+08
-1.370425664637382627e+08
-1.370097874109883010e+08
-1.369815843884443939e+08
-1.369106311110756397e+08
-1.368658144559953213e+08
-1.368099191153469086e+08
-1.367376807192920446e+08
-1.366906629154019952e+08
-1.366539907236073613e+08
-1.365577922875651419e+08
-1.364932719158829153e+08
-1.363614803668724895e+08
-1.363036381033859551e+08
-1.362418892523636222e+08
-1.361662990345233381e+08
-1.360649943931564689e+08
-1.360104200147434175e+08
-1.359527984185621738e+08
-1.358653069622527957e+08
-1.358159352403063178e+08
-1.357613119398991466e+08
-1.357173553042674661e+08
-1.356981815393745303e+08
-1.356157039545452595e+08
-1.355304301435225606e+08
-1.354555493018461168e+08
-1.353527766861827374e+08
-1.352613234994426072e+08
-1.351855746528613567e+08
-1.351344015870780349e+08
-1.350822608983958662e+08
-1.350115086535282433e+08
-1.349427938990223408e+08
-1.349004101871427298e+08
-1.348703898171930909e+08
-1.347913874780036807e+08
-1.347562020440112948e+08
-1.347016614724508822e+08
-1.346415517121636271e+08
-1.345378081479610205e+08
-1.344799774595940411e+08
-1.343953879961957932e+08
-1.343070205749710202e+08
-1.342351700023255646e+08
-1.341643173958514333e+08
-1.340756249344073832e+08
-1.340155163858314753e+08
-1.339697439608803689e+08
-1.338741533091757298e+08
-1.337676683227643371e+08
-1.336886736066052616e+08
-1.336408595784301162e+08
-1.335523162132465839e+08
-1.334296412701668441e+08
-1.333756134135069549e+08
-1.333029850778828859e+08
-1.332198606406248808e+08
-1.331118896755343676e+08
-1.330316733884486854e+08
-1.329695369221252501e+08
-1.328933783831740320e+08
-1.327936777854278088e+08
-1.326863539223148227e+08
-1.326144127294363379e+08
-1.325089520513078868e+08
-1.323928843431870043e+08
-1.322591373723567724e+08
-1.321563589570200443e+08
-1.320639016415433884e+08
-1.319690267515729070e+08
-1.318753612856377363e+08
-1.318186257860501707e+08
-1.317686698034951985e+08
-1.316750874696463346e+08
-1.315647240519717336e+08
-1.314309643695104718e+08
-1.313070981669920385e+08
-1.312132485024473369e+08
-1.310802253722185194e+08
-1.309721360315215886e+08
-1.309202232006838024e+08
-1.308428422304875255e+08
-1.306638898407770991e+08
-1.305571847489162087e+08
-1.304544550614998043e+08
-1.303111707197383046e+08
-1.302337156197574735e+08
-1.301709388087356985e+08
-1.300695976134611368e+08
-1.299462013782450855e+08
-1.298153312382651865e+08
-1.297397771079874337e+08
-1.295800625821106434e+08
-1.294466554168848395e+08
-1.293275733272478580e+08
-1.291879188945864439e+08
-1.290443453841089606e+08
-1.289021884687005281e+08
-1.288171921360798776e+08
-1.286756257452300489e+08
-1.285373200808907151e+08
-1.284388168758786321e+08
-1.283032498955768645e+08
-1.281845127520427406e+08
-1.280710037370604873e+08
-1.279423437336153388e+08
-1.277982288089462519e+08
-1.276731618850547671e+08
-1.275310598921270669e+08
-1.274665392388810217e+08
-1.273249063889178038e+08
-1.271842597148094177e+08
-1.270155400295233428e+08
-1.268399664213843942e+08
-1.266612432932419777e+08
-1.265357755486600995e+08
-1.263983603665528297e+08
-1.263022487810688019e+08
-1.260984385188544393e+08
-1.259519257751846910e+08
-1.258648853211934865e+08
-1.257934676407476366e+08
-1.255961834717022181e+08
-1.254681325815585554e+08
-1.253228355079148710e+08
-1.251895392562415302e+08
-1.250259678189863563e+08
-1.248289432417334020e+08
-1.247042419546295404e+08
-1.245417175543560386e+08
-1.243842824607294798e+08
-1.242365653704643548e+08
-1.241035602433294058e+08
-1.240156698433582485e+08
-1.238770389380906522e+08
-1.237697573238939047e+08
-1.236488610144259334e+08
-1.234931557432228327e+08
-1.233310083591612577e+08
-1.232467589728904366e+08
-1.231310366890778840e+08
-1.230200166584085524e+08
-1.229914560890976489e+08
-1.228701328604865074e+08
-1.226737124688478112e+08
-1.225837913341690898e+08
-1.224381273372073174e+08
-1.222841226316311955e+08
-1.221182437266662121e+08
-1.219811898680608273e+08
-1.218448933041344285e+08
-1.216946565797490478e+08
-1.216168499916467071e+08
-1.215276150275689960e+08
-1.214655376889188886e+08
-1.214078942681830525e+08
-1.212761001725662947e+08
-1.211914236558812857e+08
-1.211093720165693760e+08
-1.210542995795457959e+08
-1.209176791256890297e+08
-1.208723959496563077e+08
-1.208205717959374785e+08
-1.208118031623310447e+08
-1.206124800500599146e+08
-1.205954295268977880e+08
-1.205410888469917774e+08
-1.205241039248305559e+08
-1.205042864171620607e+08
-1.204450896156080961e+08
-1.204582515450587273e+08
-1.204146846629652381e+08
-1.203204047057029009e+08
-1.203088847692424655e+08
-1.202851773964096308e+08
-1.202573093357537985e+08
-1.201819715607934594e+08
-1.200696833886374235e+08
-1.201327579491053820e+08
-1.202260421427576542e+08
-1.202936855406834483e+08
-1.202771099929193258e+08
-1.203502491678753495e+08
-1.203150132362798452e+08
-1.203112490506927371e+08
-1.203589839379264116e+08
-1.203037491069689989e+08
-1.202894865856581926e+08
-1.203495998935493827e+08
-1.203667272564073801e+08
-1.204694736906498671e+08
-1.205386694762545824e+08
-1.205424025246874094e+08
-1.205652406304625869e+08
-1.205929261981313229e+08
-1.206698344564834833e+08
-1.208345403707628250e+08
-1.208759647936697602e+08
-1.210007382505744696e+08
-1.209662039527899027e+08
-1.210092741890092492e+08
-1.210774067092693448e+08
-1.210575611273984909e+08
-1.211804043051742911e+08
-1.212567942743754983e+08
-1.213310548075091839e+08
-1.213406844086577892e+08
-1.213284584134001732e+08
-1.213146096772970557e+08
-1.214493726824493408e+08
-1.213414722666881680e+08
-1.213683716387451887e+08
-1.214123021654812098e+08
-1.213253605319084525e+08
-1.213583101077189445e+08
-1.214894954640966654e+08
-1.214470688966182470e+08
-1.216896929758503437e+08
-1.217883558414475918e+08
-1.218479327197139859e+08
-1.220840692441660166e+08
-1.222013769865850210e+08
-1.222469391876583695e+08
-1.222879687073576450e+08
-1.224429007425089478e+08
-1.224495647950820327e+08
-1.225329814251289368e+08
-1.227256922341881990e+08
-1.228488864060637355e+08
-1.230047873676410317e+08
-1.231079731257313490e+08
-1.233290273838678002e+08
-1.235028957925601006e+08
-1.236234180972527862e+08
-1.237909928065117598e+08
-1.238999045017098188e+08
-1.241031794321793318e+08
-1.243939450630288720e+08
-1.244707478674132228e+08
-1.246392206373171210e+08
-1.246994769908527136e+08
-1.248648984664693475e+08
-1.249820698751563430e+08
-1.251790302988558412e+08
-1.253708498631711006e+08
-1.255212780437045097e+08
-1.257841153845880032e+08
-1.260129383040403724e+08
-1.262879433505579233e+08
-1.263749841564992666e+08
-1.265267015293014646e+08
-1.268823467700652480e+08
-1.270637729607772827e+08
-1.271606995161082149e+08
-1.272377006373618245e+08
-1.273664910705624819e+08
-1.276543705862076283e+08
-1.278220086450344324e+08
-1.280281599699671268e+08
-1.280468334141039848e+08
-1.282474880793324113e+08
-1.282661217910475135e+08
-1.284329242737281322e+08
-1.286612838925244808e+08
-1.287234946345812678e+08
-1.289306953565020561e+08
-1.291845946448818445e+08
-1.293076125981286764e+08
-1.294956330975630283e+08
-1.295326563035334349e+08
-1.297321066480442882e+08
-1.298686870953041911e+08
-1.298397477724602818e+08
-1.298747751785631180e+08
-1.300266083285722136e+08
-1.300675492841706872e+08
-1.302517239679147601e+08
-1.304303531585960984e+08
-1.306211088771771193e+08
-1.306159899466623068e+08
-1.308037774338381886e+08
-1.308173286991330981e+08
-1.310477450436924696e+08
-1.311928743703395128e+08
-1.313190725163780451e+08
-1.314548094253749847e+08
-1.315538237747169137e+08
-1.316315863179655075e+08
-1.318081015864632726e+08
-1.319485230553781986e+08
-1.319168517555523515e+08
-1.320212498065674305e+08
-1.321311703697428703e+08
-1.322256184124798775e+08
-1.323979593518810272e+08
-1.324338812045009136e+08
-1.325010775904456377e+08
-1.325414629869016409e+08
-1.325902803037296534e+08
-1.326484951419833899e+08
-1.327748009866724610e+08
-1.329228178981510401e+08
-1.330261871426827908e+08
-1.331044195092565417e+08
-1.332435412198305130e+08
-1.333402198758585453e+08
-1.334630357121389508e+08
-1.336235723987447619e+08
-1.336752377819381952e+08
-1.337639299322940111e+08
-1.338544766665991545e+08
-1.339486163210305572e+08
-1.340295935395311117e+08
-1.339900583858741522e+08
-1.341106093870293498e+08
-1.341367675844768286e+08
-1.342175078148790598e+08
-1.341896117886467576e+08
-1.342756338371453285e+08
-1.343583635223332047e+08
-1.345003033562839627e+08
-1.345332352789914012e+08
-1.346278843366038799e+08
-1.347211942518796325e+08
-1.347005597579092383e+08
-1.347587164093347192e+08
-1.347944315741172433e+08
-1.349091481056063175e+08
-1.349516875948493481e+08
-1.350011414895399809e+08
-1.351358864661811590e+08
-1.351947159613551497e+08
-1.352453841696513295e+08
-1.352332902465898991e+08
-1.351754735759490728e+08
-1.352552107634999156e+08
-1.353444580305030346e+08
-1.353948153232173324e+08
-1.353806040231084228e+08
-1.354422674775843024e+08
-1.354867910048111081e+08
-1.355786589071893096e+08
-1.356727169720123410e+08
-1.357281924875826836e+08
-1.357331107282680869e+08
-1.357924474023621082e+08
-1.357531960583597422e+08
-1.358937018614483476e+08
-1.359228007600955367e+08
-1.359802638308365345e+08
-1.360081229617745876e+08
-1.360668983432357907e+08
-1.361122396491965055e+08
-1.361643838034467697e+08
-1.361486324022923708e+08
-1.362563164259368777e+08
-1.363703238560764790e+08
-1.364136233288391232e+08
-1.364772224426908493e+08
-1.364510596775631905e+08
-1.363733645971652865e+08
-1.365012185178656578e+08
-1.365438567913298607e+08
-1.365700745923697352e+08
-1.365909235175430179e+08
-1.366038698613007069e+08
-1.366246694786844850e+08
-1.365912154193537831e+08
-1.366410639438204169e+08
-1.367124626478857994e+08
-1.367889512778451443e+08
-1.367841403667147756e+08
-1.367741452658617496e+08
-1.368431448438805342e+08
-1.368389615959475040e+08
-1.368076745889567733e+08
-1.367946856157290936e+08
-1.369146822051005363e+08
-1.369747804838005304e+08
-1.369974302111333013e+08
-1.370913254273399115e+08
-1.371158465528720617e+08
-1.372171994205361605e+08
-1.372412994456907511e+08
-1.372506235774881840e+08
-1.371964883823457956e+08
-1.371740193492561579e+08
-1.372010054635513425e+08
-1.371914722024616599e+08
-1.372389221474046707e+08
-1.372507546530025005e+08
-1.373123598524238467e+08
-1.372947307778832912e+08
-1.373770417978655696e+08
-1.374100696185101867e+08
-1.374413981498149633e+08
-1.375969382243815064e+08
-1.376195254781592488e+08
-1.375633490856261253e+08
-1.375936611301893592e+08
-1.376424707241269350e+08
-1.376852101636433601e+08
-1.376667495936539769e+08
-1.376762812366856337e+08
-1.377285530030691028e+08
-1.377079743262332678e+08
-1.377752796010420322e+08
-1.377804582723140121e+08
-1.378509363434686065e+08
-1.378771516635891199e+08
-1.379078173561933041e+08
-1.380264113943367004e+08
-1.380755207595186234e+08
-1.381256590944287181e+08
-1.381298735148785710e+08
-1.380779230941914320e+08
-1.380547541628593206e+08
-1.381154910676154494e+08
-1.381352358699019551e+08
-1.381347920595229268e+08
-1.381683862736645937e+08
-1.382166897303235531e+08
-1.382905408948763013e+08
-1.382954499937297106e+08
-1.383755625888031125e+08
-1.383674490656878948e+08
-1.384039068464660048e+08
-1.385094889473682642e+08
-1.385693998958430290e+08
-1.385508523842057586e+08
-1.386437141744970083e+08
-1.386069337784265280e+08
-1.386432718419561386e+08
-1.386140451578302979e+08
-1.385913889987152815e+08
-1.386090102391594052e+08
-1.386621421451215148e+08
-1.386459358610951304e+08
-1.386943583009336591e+08
-1.386826260163764358e+08
-1.386635426560437083e+08
-1.387091948582867980e+08
-1.387909669147508144e+08
-1.388580939780643582e+08
-1.389159889056038260e+08
-1.389808607960823178e+08
-1.389886932751930952e+08
-1.390109621878810525e+08
-1.390117884217978716e+08
-1.390389698566695452e+08
-1.390094287679795623e+08
-1.390369123676246405e+08
-1.391024285471656322e+08
-1.390041582694585919e+08
-1.390332408492638469e+08
-1.390448226047902107e+08
-1.390688649849222302e+08
-1.391203245696341395e+08
-1.392127933004576862e+08
-1.392715764121587276e+08
-1.393475071274912655e+08
-1.393195629532770514e+08
-1.393576400539344549e+08
-1.393981985541150868e+08
-1.393433428461196721e+08
-1.393350602505070865e+08
-1.393434289744856358e+08
-1.393693745886828899e+08
-1.394336162302072048e+08
-1.395340416583857536e+08
-1.395913965967693031e+08
-1.396497737313601673e+08
-1.396628262941276729e+08
-1.396194984577631950e+08
-1.396149299748822749e+08
-1.396188284897941649e+08
-1.395990023988051713e+08
-1.396290426722483933e+08
-1.396502804055083990e+08
-1.396785246845165193e+08
-1.397508047582568526e+08
-1.397550275475754440e+08
-1.397390375806172192e+08
-1.397240566735896170e+08
-1.397579498266212344e+08
-1.397444052733821273e+08
-1.397707628942858279e+08
-1.397520954491052032e+08
-1.398330277715183794e+08
-1.398267218204442263e+08
-1.398492902214171886e+08
-1.398844679432874024e+08
-1.398433344573969543e+08
-1.399006862321433425e+08
-1.398953456096743345e+08
-1.398867383907721043e+08
-1.398903673354184031e+08
-1.398916870412202179e+08
-1.399329843345275223e+08
-1.399698982336025238e+08
-1.399803959046503603e+08
-1.399613804872390628e+08
-1.399732824806718528e+08
-1.400373390000262558e+08
-1.400566578250969648e+08
-1.400227149396638572e+08
-1.399681345643528700e+08
-1.399643070066849291e+08
-1.400118041421328187e+08
-1.400447933776268065e+08
-1.400932081269037724e+08
-1.400912418902311325e+08
-1.400925379639618099e+08
-1.401269137076855898e+08
-1.400658162297809124e+08
-1.400981873524979055e+08
-1.400946497616899312e+08
-1.400498254083230495e+08
-1.400572343508062959e+08
-1.400629721883164346e+08
-1.400418513152497411e+08
-1.400550414777587652e+08
-1.400195147780421674e+08
-1.400094374140343368e+08
-1.400353510053420663e+08
-1.400177813470410109e+08
-1.400172876165874302e+08
-1.400906297653251886e+08
-1.401141027235211134e+08
-1.400285718966133595e+08
-1.400308682782036662e+08
-1.400206767506208718e+08
-1.399712984035781920e+08
-1.400154841352635026e+08
-1.399869239245265126e+08
-1.399948959660196304e+08
-1.400013612763121128e+08
-1.400210257283607423e+08
-1.399674417819009423e+08
-1.399823523155614138e+08
-1.399643296789256036e+08
-1.399839202556471527e+08
-1.399473181973077059e+08
-1.399164785395228267e+08
-1.399452300474475026e+08
-1.399365528802783191e+08
-1.399348846838869750e+08
-1.399322226091809571e+08
-1.398795404895713329e+08
-1.398305823783917129e+08
-1.398140850480229557e+08
-1.398205040194165409e+08
-1.398075564609108567e+08
-1.398217401894773543e+08
-1.397730015714271963e+08
-1.398157857599183023e+08
-1.398174499936779439e+08
-1.397885446799610853e+08
-1.397585377140433490e+08
-1.397593779294079840e+08
-1.397544850401163399e+08
-1.398103765891648531e+08
-1.397575802507509589e+08
-1.396964096580720246e+08
-1.396773117666267455e+08
-1.396620714151385128e+08
-1.396663360416241884e+08
-1.397141531952860355e+08
-1.397007544335309863e+08
-1.396994666552209854e+08
-1.397414640086168647e+08
-1.396586071344634891e+08
-1.396665265929318964e+08
-1.396307898187840283e+08
-1.395629627400829494e+08
-1.395401518744421005e+08
-1.395612991615462899e+08
-1.395756768099778295e+08
-1.395671349600353837e+08
-1.395679274853099883e+08
-1.395593260275902748e+08
-1.395532770713318586e+08
-1.395421853973631263e+08
-1.394555613007426262e+08
-1.394648497832416892e+08
-1.394275093010014296e+08
-1.394391686393755078e+08
-1.394276218654173613e+08
-1.394466906949975193e+08
-1.394344810881150365e+08
-1.394283426400450170e+08
-1.394568321836754680e+08
-1.394584951511438787e+08
-1.394296334241788685e+08
-1.394276032639365792e+08
-1.393950128231983185e+08
-1.394375813493344784e+08
-1.393616929255726039e+08
-1.393576037099322081e+08
-1.393162944108514488e+08
-1.392904739384638965e+08
-1.393101993907107711e+08
-1.393198854489721656e+08
-1.393227906028347313e+08
-1.393249934778950810e+08
-1.393500670335431695e+08
-1.392810276271968782e+08
-1.392693684696559608e+08
-1.392491385997229517e+08
-1.392165703768547773e+08
-1.391508061921891570e+08
-1.392012894817212820e+08
-1.391421625290258825e+08
-1.390956290544760525e+08
-1.390205103812013268e+08
-1.389777807876248956e+08
-1.389748044912455082e+08
-1.389153495490855575e+08
-1.389083194712105095e+08
-1.389551453751328886e+08
-1.389253980851341486e+08
-1.388848658959382176e+08
-1.389120404634436071e+08
-1.389103522580441535e+08
-1.388779424144598246e+08
-1.388208066264897585e+08
-1.387559944048444629e+08
-1.387533651001048982e+08
-1.386995664280556440e+08
-1.386695310678767562e+08
-1.386597393328299224e+08
-1.385651945127588809e+08
-1.385256817106769979e+08
-1.385463101901792288e+08
-1.385959508331446052e+08
-1.385908124630926549e+08
-1.385337415159135461e+08
-1.384782389052762389e+08
-1.384256873718748689e+08
-1.384427960459906161e+08
-1.384723784730589092e+08
-1.384430426034092605e+08
-1.384035285435984135e+08
-1.383407775160659850e+08
-1.383501414311914444e+08
-1.383173197515963912e+08
-1.383165367830779552e+08
-1.382815536937839091e+08
-1.382232225853072405e+08
-1.381262400942149758e+08
-1.381692490475491285e+08
-1.381640933498196602e+08
-1.381893005815465152e+08
-1.381841275914239287e+08
-1.381778068679566383e+08
-1.381662561663637459e+08
-1.380994247714591324e+08
-1.380251302235959470e+08
-1.379662854824093878e+08
-1.379720064840845764e+08
-1.379366951148114204e+08
-1.378742953701217473e+08
-1.378678210361684561e+08
-1.378278556134573519e+08
-1.377681872841909528e+08
-1.377278766063160300e+08
-1.377073008066496551e+08
-1.376982624512677491e+08
-1.377190736215736568e+08
-1.377004237572497725e+08
-1.376629047682293952e+08
-1.376943402851083875e+08
-1.376650295733609796e+08
-1.376433865520184338e+08
-1.375999202164352834e+08
-1.375643100692830384e+08
-1.375212297914381921e+08
-1.374748405784546733e+08
-1.374901608200947046e+08
-1.374286946193972826e+08
-1.373925557916444242e+08
-1.373717317800524533e+08
-1.373277927453653812e+08
-1.372901046785653830e+08
-1.372795971089566052e+08
-1.372450387421690822e+08
-1.371627268994046748e+08
-1.371294995581217110e+08
-1.371291020695832670e+08
-1.371053696598926187e+08
-1.371072561300635338e+08
-1.371141101848680675e+08
-1.370683256888795495e+08
-1.370762171059466302e+08
-1.370584964106478095e+08
-1.370022430913227797e+08
-1.369678499861241877e+08
-1.369788982477779984e+08
-1.369223634075874388e+08
-1.369370185237208605e+08
-1.368958900217024684e+08
-1.368837537317678630e+08
-1.368317942943354845e+08
-1.367557131532362998e+08
-1.367120609730246663e+08
-1.366930301733939350e+08
-1.367115725777997375e+08
-1.367026460341389477e+08
-1.366680553977987766e+08
-1.366483719093219042e+08
-1.366206610865362585e+08
-1.365429432919824123e+08
-1.365263431553940475e+08
-1.364975997617050707e+08
-1.364439215435035229e+08
-1.364649656269034147e+08
-1.364388637426633835e+08
-1.364191171675695479e+08
-1.363926948768661320e+08
-1.364186557063809931e+08
-1.363843072091950774e+08
-1.363557086384720504e+08
-1.363473251179476082e+08
-1.363707999437883496e+08
-1.363048668316639066e+08
-1.363079528607600331e+08
-1.362581664904889464e+08
-1.362184194948272407e+08
-1.361903566126922071e+08
-1.361687696342709064e+08
-1.361313426730996370e+08
-1.361180745610835254e+08
-1.360990665934134424e+08
-1.360780383771482408e+08
-1.360753863515116572e+08
-1.360365952193825245e+08
-1.360151479641984701e+08
-1.359634872304077148e+08
-1.360165521392630041e+08
-1.360394571131185889e+08
-1.360507531427951455e+08
-1.359794167688786983e+08
-1.359589665425442457e+08
-1.359543016964832544e+08
-1.359565513050930500e+08
-1.359436788863866925e+08
-1.359424052432366312e+08
-1.359561765520510077e+08
-1.358981895888764858e+08
-1.359183976871871948e+08
-1.358717974298284054e+08
-1.358330755913227499e+08
-1.358346088742546737e+08
-1.358017115603395998e+08
-1.358078783496608436e+08
-1.357824341471494734e+08
-1.357461983362265229e+08
-1.357591950087488592e+08
-1.356959524794205129e+08
-1.356705839356389940e+08
-1.356581414341344535e+08
-1.356214616807080805e+08
-1.356375875430179536e+08
-1.356563352274555862e+08
-1.356615026344459653e+08
-1.356623874577299953e+08
-1.356762834904677272e+08
-1.356546012987075448e+08
-1.356198222288587689e+08
-1.355852821688122153e+08
-1.355809378017556965e+08
-1.355554356180387139e+08
-1.355362329609728456e+08
-1.355087128221269846e+08
-1.354577846910913587e+08
-1.354553494714656174e+08
-1.354594007333975732e+08
-1.354942428985486329e+08
-1.354916667631802857e+08
-1.354713046290095747e+08
-1.354525664577363729e+08
-1.354125189295487106e+08
-1.354161873629975319e+08
-1.353660888324050307e+08
-1.353330068538748920e+08
-1.353128934695532918e+08
-1.353048584175801277e+08
-1.352737892542303801e+08
-1.352410540816603601e+08
-1.352628147335491776e+08
-1.352943673587544560e+08
-1.352797918961463571e+08
-1.352538940432749689e+08
-1.352346475725806057e+08
-1.351951382708737850e+08
-1.352045155288429260e+08
-1.352050463924641013e+08
-1.352045219747690558e+08
-1.351897222729509771e+08
-1.351613020453147888e+08
-1.351602569196897745e+08
-1.351614311597346961e+08
-1.351648572598266304e+08
-1.351414744141361713e+08
-1.351387798193970025e+08
-1.351321337937531173e+08
-1.350922274762127697e+08
-1.351297180931764245e+08
-1.350345628184188008e+08
-1.350166437053290009e+08
-1.350071928148148060e+08
-1.350210251908349395e+08
-1.350230049822708368e+08
-1.350384805978924036e+08
-1.350592491451915503e+08
-1.350589608316361010e+08
-1.350580597975294888e+08
-1.350919949644177556e+08
-1.350372808936194181e+08
-1.350292298375390768e+08
-1.350635585345085263e+08
-1.350158537770383954e+08
-1.349759654786384702e+08
-1.349182015906593800e+08
-1.348799383326360583e+08
-1.348834983466758430e+08
-1.348398033378617465e+08
-1.348057802995435297e+08
-1.348474233288466334e+08
-1.348826432529033422e+08
-1.348692010705526769e+08
-1.348483747149236798e+08
-1.347697011352633536e+08
-1.347908375345405042e+08
-1.347875098656874299e+08
-1.347435884887790978e+08
-1.347536939582926333e+08
-1.347732126015782058e+08
-1.347500844909535646e+08
-1.347535275196457505e+08
-1.347194140474280417e+08
-1.346759224139302671e+08
-1.346505872300864160e+08
-1.346405484218999743e+08
-1.346656121572312713e+08
-1.346853759325608909e+08
-1.346749116628723443e+08
-1.346592486385697424e+08
-1.346459859437234402e+08
-1.346230427916754186e+08
-1.346216231449910998e+08
-1.345842850215325952e+08
-1.345702181044563353e+08
-1.345515356784474254e+08
-1.345120871353333592e+08
-1.344632109919269085e+08
-1.344929633056195378e+08
-1.344661627744538188e+08
-1.344600848660367727e+08
-1.344710721866064668e+08
-1.344396274258506894e+08
-1.344376607626789510e+08
-1.344126767666667402e+08
-1.343720933695751131e+08
-1.343064831317497194e+08
-1.343311349808755517e+08
-1.343551607842389345e+08
-1.343109370033967197e+08
-1.342955694828897417e+08
-1.342842790788931847e+08
-1.342857284846196473e+08
-1.342453925502515435e+08
-1.342647974332752526e+08
-1.342767311580662131e+08
-1.342603927172260880e+08
-1.342342251017953157e+08
-1.342023504864261448e+08
-1.341938557700296938e+08
-1.341996986432210803e+08
-1.341594152602949440e+08
-1.341803887999176085e+08
-1.341052662842005193e+08
-1.340410177850971222e+08
-1.340037923578295708e+08
-1.339899177930549979e+08
-1.339434700789216459e+08
-1.339815195915670991e+08
-1.339684347465510070e+08
-1.339705752226888835e+08
-1.339305078816257417e+08
-1.339369522974309623e+08
-1.339540324805335701e+08
-1.339412861210329831e+08
-1.339542920889831483e+08
-1.339636961569738686e+08
-1.339331571695606709e+08
-1.338716551117353439e+08
-1.338338551024777889e+08
-1.338606921136417985e+08
-1.338394885032187998e+08
-1.338566295103784800e+08
-1.338475922442461252e+08
-1.337934283550810218e+08
-1.338029619415514767e+08
-1.338275467077562213e+08
-1.337941573133762181e+08
-1.337590751059702933e+08
-1.337057402107576430e+08
-1.336787355774143934e+08
-1.336768503460542262e+08
-1.336448556651448607e+08
-1.336346505043314397e+08
-1.336218936730649769e+08
-1.336515068452739418e+08
-1.336686041745539010e+08
-1.336604706284436584e+08
-1.337082322763746977e+08
-1.336987753935150802e+08
-1.336965872572558522e+08
-1.337181659641220272e+08
-1.337158636608025730e+08
-1.336529199418729246e+08
-1.336173795270734131e+08
-1.336131578319492340e+08
-1.336405639938418269e+08
-1.336073295022596717e+08
-1.336037946157982349e+08
-1.336115597827572525e+08
-1.335276297430899739e+08
-1.334976210705311000e+08
-1.334906658286588788e+08
-1.335435033539268374e+08
-1.335473562759114802e+08
-1.335085229822486341e+08
-1.334983393515492678e+08
-1.335222115422997475e+08
-1.335246651307089627e+08
-1.335274225565395057e+08
-1.335468598646302819e+08
-1.335035179951944947e+08
-1.335238414501118660e+08
-1.335484523253009915e+08
-1.335422066463530660e+08
-1.335053444884426594e+08
-1.335068754577230811e+08
-1.334893860656192601e+08
-1.335091413374466002e+08
-1.334808634864930212e+08
-1.334408202285229266e+08
-1.334299394202537537e+08
-1.334219773116898835e+08
-1.334187947191736102e+08
-1.334028936682721376e+08
-1.333871559634576440e+08
-1.333993702566274703e+08
-1.333713369746841490e+08
-1.333581985919497013e+08
