0.000000000000000000e+00
0.000000000000000000e+00
1.047114719075763333e+03
9.818297800501781012e+02
9.227341584045901755e+02
8.793655129678268167e+02
8.499213415358204884e+02
8.309628679028995748e+02
8.191566399707155597e+02
8.130076257523726326e+02
8.110730039409439769e+02
8.119072382196302442e+02
8.160297739880280687e+02
8.217449025074321298e+02
8.286889391912851579e+02
8.358403792338681342e+02
8.449978868773016529e+02
8.559829628333320670e+02
8.676257258327378850e+02
8.806851933911842707e+02
8.935590036826473579e+02
9.069608287067993615e+02
9.209264441990455907e+02
9.350324423523488804e+02
9.495672063488759704e+02
9.647009968418075232e+02
9.799799219447687619e+02
9.957806484345181843e+02
1.011891165372152727e+03
1.028219806747639950e+03
1.044962533615289431e+03
1.061540379523780075e+03
1.078781045539204570e+03
1.096136345635131420e+03
1.113565336608824964e+03
1.131668585254106119e+03
1.149563535262323057e+03
1.167749388891401622e+03
1.186303132942011189e+03
1.205128188320147729e+03
1.224153297417394697e+03
1.243299608821413130e+03
1.262569318331881732e+03
1.281971884512596944e+03
1.301553908387736783e+03
1.321376848303015549e+03
1.341405004091035153e+03
1.361622599116981746e+03
1.382005838226821425e+03
1.402545783171783114e+03
1.423300350944911088e+03
1.444329307520832572e+03
1.465573532811427640e+03
1.486953470421375869e+03
1.508441562022763037e+03
1.530025105487448855e+03
1.551809986678631731e+03
1.573901030741865270e+03
1.596261658341313932e+03
1.618810719112860397e+03
1.641533916825946562e+03
1.664442765727362939e+03
1.687540599952634011e+03
1.710841707270913048e+03
1.734345517446955910e+03
1.758073743944766647e+03
1.782060544698668764e+03
1.806285862760384134e+03
1.830712372208923171e+03
1.855295317337800043e+03
1.880004797712319032e+03
1.904819291074685225e+03
1.929854789040143032e+03
1.955228233117640457e+03
1.980952566617374487e+03
2.007033303262620848e+03
2.033427715899596251e+03
2.060004114352857869e+03
2.086738563085433270e+03
2.113666552444795798e+03
2.140801286907475060e+03
2.168160975294997570e+03
2.195761561017696295e+03
2.223586850297608180e+03
2.251642934021340807e+03
2.279928474453950002e+03
2.308444725821836983e+03
2.337158740677845344e+03
2.366047592115170573e+03
2.395118066812293819e+03
2.424369523389820642e+03
2.453809056668592348e+03
2.483437563429140937e+03
2.513271105194585743e+03
2.543303459112369637e+03
2.573550688135218934e+03
2.604006570991356057e+03
2.634672315648929271e+03
2.665556559370737887e+03
2.696638227008678314e+03
2.727933386192387388e+03
2.759435820554186648e+03
2.791146743147519373e+03
2.823052511404139295e+03
2.855154340533691538e+03
2.887446018462379016e+03
2.919921334163783740e+03
2.952574077630968986e+03
2.985390611490331139e+03
3.018379584359257024e+03
3.051527360694449726e+03
3.084827412142634785e+03
3.118279351496909385e+03
3.151875041911858261e+03
3.185606347177704265e+03
3.219465131647351882e+03
3.253450688511710268e+03
3.287554883023218736e+03
3.321762152419763879e+03
3.356071790900178257e+03
3.390475664499997492e+03
3.424965639370895587e+03
3.459526153363186040e+03
3.494156501013746947e+03
3.528848548437675618e+03
3.563586733276704308e+03
3.598370349705065109e+03
3.633183834990964897e+03
3.668019054517722452e+03
3.702875301762592699e+03
3.737737013233669586e+03
3.772588934616951519e+03
3.807439334182560742e+03
3.842267075999565350e+03
3.877073308963415911e+03
3.911844325079716327e+03
3.946581272909705149e+03
3.981270444222989681e+03
4.015905559110950890e+03
4.050472909357446497e+03
4.084981071919066835e+03
4.119408910560116965e+03
4.153750146047717863e+03
4.188005927901280302e+03
4.222155121096616313e+03
4.256198876277069758e+03
4.290108631415080708e+03
4.323878110379975624e+03
4.357493609654815373e+03
4.390941426805291485e+03
4.424207860598217849e+03
4.457271667627478564e+03
4.490140858757109527e+03
4.522801046204871454e+03
4.555252700542492676e+03
4.587488865747787713e+03
4.619517444352336497e+03
4.651316627430153858e+03
4.682894321482295709e+03
4.714236150059431566e+03
4.745335167228230603e+03
4.776169572576469363e+03
4.806732424659867320e+03
4.837016784336991805e+03
4.867000858093388160e+03
4.896685139806474581e+03
4.926055268996800805e+03
4.955104315870134997e+03
4.983825352947441388e+03
5.012211455034139362e+03
5.040255699178664145e+03
5.067943736270406589e+03
5.095283504378977341e+03
5.122253230231311136e+03
5.148845999233225484e+03
5.175062327031113455e+03
5.200887978849988031e+03
5.226316567894972650e+03
5.251334385090452997e+03
5.275942579534204924e+03
5.300134873330481241e+03
5.323897561471052541e+03
5.347231796765247054e+03
5.370131304667750555e+03
5.392582383157470758e+03
5.414586187668496677e+03
5.436129017571659460e+03
5.457212029461448765e+03
5.477828951995500574e+03
5.497966085790053512e+03
5.517624588372261314e+03
5.536798189037903285e+03
5.555473188767495230e+03
5.573643316851203963e+03
5.591317159172419451e+03
5.608481016399211512e+03
5.625136045688105696e+03
5.641283403946222279e+03
5.656924247804246988e+03
5.672037448549117471e+03
5.686639018919909176e+03
5.700714839919047336e+03
5.714256548455587108e+03
5.727240506441221441e+03
5.739672788966418921e+03
5.751522329191025165e+03
5.762795201898031337e+03
5.773475196750617215e+03
5.783553531759210273e+03
5.793058566754729327e+03
5.801974091613406017e+03
5.810306181490943345e+03
5.818068340207290930e+03
5.825259215283490448e+03
5.831884883081243970e+03
5.837943992191391771e+03
5.843420335171647821e+03
5.848312562033514041e+03
5.852619323624468052e+03
5.856331843356131685e+03
5.859441345627565170e+03
5.861953912592415691e+03
5.863853342466941285e+03
5.865145719682482195e+03
5.865837129876503241e+03
5.865926231574169833e+03
5.865404256209490086e+03
5.864277293185909912e+03
5.862544004823548676e+03
5.860210483045428191e+03
5.857267964299811865e+03
5.853722542921481363e+03
5.849580314378538787e+03
5.844832518506256747e+03
5.839477824479319679e+03
5.833529759070921500e+03
5.826972136447802768e+03
5.819825913207176200e+03
5.812082333097798255e+03
5.803747496984126883e+03
5.794820077648264487e+03
5.785298747983795693e+03
5.775197037531675960e+03
5.764513618907415548e+03
5.753247164323613106e+03
5.741411202107482495e+03
5.729011831463271847e+03
5.716040293932567693e+03
5.702517543304945320e+03
5.688434818625028129e+03
5.673805642454442932e+03
5.658621372933598650e+03
5.642888712401190787e+03
5.626607055112880516e+03
5.609790649768907315e+03
5.592424029247421458e+03
5.574521437249761220e+03
5.556089686402002371e+03
5.537143014818753727e+03
5.517688229277350729e+03
5.497746990155524145e+03
5.477318669580014102e+03
5.456424921441496735e+03
5.435072539570842309e+03
5.413268314381617529e+03
5.391011604476617322e+03
5.368309193320093073e+03
5.345175289224504922e+03
5.321609240301466343e+03
5.297610391178703139e+03
5.273185511381238939e+03
5.248356223726628741e+03
5.223114434281979811e+03
5.197489187587620108e+03
5.171472383238183284e+03
5.145078202779526691e+03
5.118328253113584651e+03
5.091221853212127826e+03
5.063765747640889458e+03
5.035974106689903238e+03
5.007861098159629364e+03
4.979426030801639172e+03
4.950683067864329132e+03
4.921646370539396230e+03
4.892315241409283772e+03
4.862703837995768481e+03
4.832818887855194589e+03
4.802681973772310812e+03
4.772292392147998726e+03
4.741656866533934590e+03
4.710796976110073956e+03
4.679719442403367793e+03
4.648423557749220890e+03
4.616923470444020495e+03
4.585233328136155251e+03
4.553352421206039253e+03
4.521294896236014210e+03
4.489060042666088520e+03
4.456669434589373850e+03
4.424129789032135704e+03
4.391447822672568691e+03
4.358637775597651853e+03
4.325714269149374559e+03
4.292684591349335278e+03
4.259563458164426265e+03
4.226365585111047039e+03
4.193090830497410934e+03
4.159761337106566316e+03
4.126384390366624757e+03
4.092967274963244108e+03
4.059509846392787495e+03
4.026041672609410853e+03
3.992555178762107062e+03
3.959072502230856117e+03
3.925600922404792527e+03
3.892140288909109586e+03
3.858712734880941753e+03
3.825325535092507835e+03
3.791993390877019465e+03
3.758716144955154959e+03
3.725501066366348823e+03
3.692377707054389703e+03
3.659331046606031123e+03
3.626390632351791282e+03
3.593548867419030557e+03
3.560827865799113624e+03
3.528227453820624305e+03
3.495762311836519984e+03
3.463439689121034462e+03
3.431266832180026086e+03
3.399258413074389409e+03
3.367414244356000381e+03
3.335748992469367295e+03
3.304262464365479445e+03
3.272969320932028040e+03
3.241884220336523413e+03
3.211006961383739053e+03
3.180344768638531150e+03
3.149904864161468595e+03
3.119701895958347905e+03
3.089743081391818578e+03
3.060028207305712385e+03
3.030564486861357636e+03
3.001359131333790629e+03
2.972411921917697782e+03
2.943730066592853291e+03
2.915320771946494460e+03
2.887183815002253596e+03
2.859326400105243920e+03
2.831763159110835659e+03
2.804493866525628164e+03
2.777533385305498086e+03
2.750890078609561897e+03
2.724565113382355321e+03
2.698567085041673181e+03
2.672912017666241809e+03
2.647593650777907897e+03
2.622620581270463390e+03
2.598001406880005106e+03
2.573737297997823589e+03
2.549829426175100707e+03
2.526286392618063019e+03
2.503109371622048457e+03
2.480314395745798720e+03
2.457887785821887974e+03
2.435853006208806164e+03
2.414203809726061991e+03
2.392948807830298392e+03
2.372089185626261497e+03
2.351626130265834490e+03
2.331575687684457534e+03
2.311924192522881185e+03
2.292687694940031633e+03
2.273859962160157011e+03
2.255449620211508318e+03
2.237450440501904268e+03
2.219871053186138852e+03
2.202720090422506928e+03
2.185983901270567003e+03
2.169678550083825485e+03
2.153805246342581540e+03
2.138357772932997705e+03
2.123344771122219299e+03
2.108767455428692756e+03
2.094619613541059152e+03
2.080902462936562642e+03
2.067624650799112715e+03
2.054787397238187623e+03
2.042377066860439527e+03
2.030402310446388583e+03
2.018864351479512379e+03
2.007764414432263948e+03
1.997088868007974952e+03
1.986853795192314010e+03
1.977045566409605954e+03
1.967665409591773141e+03
1.958714553455046371e+03
1.950186799137264416e+03
1.942090805246972195e+03
1.934420374471929790e+03
1.927176738650785637e+03
1.920361086100155489e+03
1.913967000242995482e+03
1.907995449430141889e+03
1.902447403012125051e+03
1.897308974716620924e+03
1.892581136138027887e+03
1.888264860135674553e+03
1.884353692591794697e+03
1.880833752528581044e+03
1.877720873984530726e+03
1.874986322644220536e+03
1.872645936179815862e+03
1.870693269242578936e+03
1.869121878661546361e+03
1.867917895244289411e+03
1.867097165681100705e+03
1.866638397546447777e+03
1.866550014604495118e+03
1.866818158509006935e+03
1.867451259053689000e+03
1.868435464215534466e+03
1.869764353695527461e+03
1.871446367402330452e+03
1.873467663827120987e+03
1.875821833562317124e+03
1.878509899409966692e+03
1.881510603078908616e+03
1.884839832073897469e+03
1.888468907918198738e+03
1.892398869719027289e+03
1.896630760816519569e+03
1.901150772119813837e+03
1.905967383881132037e+03
1.911059367252897800e+03
1.916435211084508410e+03
1.922088551801505901e+03
1.928013030072745551e+03
1.934202290763272913e+03
1.940657411223969802e+03
1.947364616167153599e+03
1.954317562631141527e+03
1.961502483181657681e+03
1.968920470853292727e+03
1.976557765628809420e+03
1.984408039360676639e+03
1.992464967283015994e+03
2.000722227866234334e+03
2.009188359365637098e+03
2.017849617912893109e+03
2.026699690755481242e+03
2.035739469978446778e+03
2.044968945646788825e+03
2.054365598928217878e+03
2.063929198141418965e+03
2.073644656839585423e+03
2.083504318698709994e+03
2.093500529008750163e+03
2.103618206169719997e+03
2.113842269894217225e+03
2.124187354467592286e+03
2.134623525112370771e+03
2.145172846416996890e+03
2.155805385317094533e+03
2.166543207893641465e+03
2.177356382374565328e+03
2.188259547603967803e+03
2.199237629466780618e+03
2.210275554228347119e+03
2.221373105185031818e+03
2.232515209224870887e+03
2.243686793501167813e+03
2.254887642117320866e+03
2.266102682721078054e+03
2.277331699911306259e+03
2.288567050203016606e+03
2.299808518753040516e+03
2.311041034343172214e+03
2.322271811173254719e+03
2.333500635509113636e+03
2.344705009037179025e+03
2.355899575726827152e+03
2.367054410042172094e+03
2.378176728862488289e+03
2.389251464749939714e+03
2.400263551070982885e+03
2.411220207117583413e+03
2.422106368074857528e+03
2.432914398488777806e+03
2.443651520679580699e+03
2.454302673049063742e+03
2.464867651884724637e+03
2.475346254705501451e+03
2.485738280300437054e+03
2.496036100408629864e+03
2.506232088090424440e+03
2.516326046088616749e+03
2.526302921778031759e+03
2.536162520555662468e+03
2.545897220767431463e+03
2.555499402023944640e+03
2.564961258955339417e+03
2.574281670907164425e+03
2.583451903763481369e+03
2.592470652761757719e+03
2.601344042396627174e+03
2.610055912910678217e+03
2.618612390276153747e+03
2.627004744312776438e+03
2.635224245246765804e+03
2.643284448610204436e+03
2.651161768278492673e+03
2.658869759803964371e+03
2.666392265087303713e+03
2.673727982296225491e+03
2.680875608976672538e+03
2.687833841860105622e+03
2.694593948317224658e+03
2.701147194510011104e+03
2.707499701892992562e+03
2.713635305262886050e+03
2.719560122662299364e+03
2.725265413433128742e+03
2.730742434725309977e+03
2.736004726360522000e+03
2.741036112199177296e+03
2.745850126767970323e+03
2.750438016641472586e+03
2.754798453685183176e+03
2.758930106556879309e+03
2.762839068918795874e+03
2.766509145909565632e+03
2.769953852480527530e+03
2.773164414840659447e+03
2.776132055416551793e+03
2.778870277825239555e+03
2.781362868357596653e+03
2.783623322728667517e+03
2.785642847587439519e+03
2.787427502242703213e+03
2.788961056899321193e+03
2.790264419460345380e+03
2.791328780387104416e+03
2.792145326124260919e+03
2.792727524185790571e+03
2.793073981449450912e+03
2.793175872562534551e+03
2.793039225057078511e+03
2.792662634371690729e+03
2.792044692281551306e+03
2.791183986984386593e+03
2.790094032787353171e+03
2.788758918786514641e+03
2.787192517081685764e+03
2.785401268230485130e+03
2.783376752999569817e+03
2.781117977516774772e+03
2.778646230071851278e+03
2.775945654412547356e+03
2.773022676641516682e+03
2.769876291906116876e+03
2.766520349534943307e+03
2.762938983016262227e+03
2.759146036873301455e+03
2.755147924978955871e+03
2.750928773913264649e+03
2.746502421464618692e+03
2.741875274918987998e+03
2.737038882740790541e+03
2.731999647995377472e+03
2.726756543309953940e+03
2.721315967575845207e+03
2.715684317590118553e+03
2.709860559687422665e+03
2.703843658062744453e+03
2.697654859785373901e+03
2.691278267951225644e+03
2.684735125131232962e+03
2.678016958157126737e+03
2.671130148153726623e+03
2.664081073762714368e+03
2.656876111061149459e+03
2.649514205124822638e+03
2.641994298288068421e+03
2.634330186750734811e+03
2.626520807081502880e+03
2.618565092821566850e+03
2.610469402737933706e+03
2.602247520727363735e+03
2.593883513970975400e+03
2.585398587995289290e+03
2.576791659782963961e+03
2.568061642741194191e+03
2.559214874975486509e+03
2.550250262519446551e+03
2.541181564323459497e+03
2.532007678800051508e+03
2.522727500479933951e+03
2.513347348327651162e+03
2.503873537367185236e+03
2.494304950318533884e+03
2.484655585998690185e+03
2.474910779286088655e+03
2.465100694589238628e+03
2.455210922326013133e+03
2.445249334122460368e+03
2.435231226171141316e+03
2.425149605901146970e+03
2.415019762162583447e+03
2.404849551920263821e+03
2.394624543659209849e+03
2.384374872653770581e+03
2.374086100891816386e+03
2.363766072363894637e+03
2.353437484858920016e+03
2.343078463316390298e+03
2.332719128541346890e+03
2.322352457169689842e+03
2.311986280293984692e+03
2.301620998591539319e+03
2.291264439207569467e+03
2.280931855940684727e+03
2.270616216029223779e+03
2.260317913740418589e+03
2.250052198908645096e+03
2.239819463721276406e+03
2.229627527954160087e+03
2.219469354102547186e+03
2.209367617660301221e+03
2.199307852140538671e+03
2.189305304395132680e+03
2.179360364674068023e+03
2.169473423479718349e+03
2.159659728413392713e+03
2.149912242561865696e+03
2.140238786377645738e+03
2.130647181098331657e+03
2.121137820506738080e+03
2.111711099381798704e+03
2.102374841939591533e+03
2.093129445213675808e+03
2.083982735826501084e+03
2.074927684999742269e+03
2.065986978707249364e+03
2.057138734214620399e+03
2.048405640315248093e+03
2.039788102202502614e+03
2.031279098186543024e+03
2.022886464753800510e+03
2.014610611518010046e+03
2.006466806266445928e+03
1.998440787050030167e+03
1.990541307225274750e+03
1.982777303779484782e+03
1.975150286756650758e+03
1.967669195933417768e+03
1.960320687392034188e+03
1.953121131945375510e+03
1.946072045008910891e+03
1.939174943275690794e+03
1.932431344692692846e+03
1.925842768439820702e+03
1.919418163262578673e+03
1.913151622407897321e+03
1.907052097016559856e+03
1.901121111069349809e+03
1.895352761390015985e+03
1.889756002705564470e+03
1.884339790962336565e+03
1.879090798299266908e+03
1.874025411531367126e+03
1.869137733737701183e+03
1.864429297710242508e+03
1.859901637659715561e+03
1.855556289279919156e+03
1.851402218170466085e+03
1.847433534866542686e+03
1.843651779977956267e+03
1.840051067584432758e+03
1.836647798739538302e+03
1.833436091478786011e+03
1.830410065986181962e+03
1.827571273065890182e+03
1.824928694268664003e+03
1.822483885322100605e+03
1.820223547914789606e+03
1.818156671584829610e+03
1.816284820458194872e+03
1.814609561739644278e+03
1.813132465853841040e+03
1.811847678235855710e+03
1.810756776171203001e+03
1.809861340583076071e+03
1.809162956166951062e+03
1.808655783171244821e+03
1.808348842574484479e+03
1.808221446104977531e+03
1.808297479858509178e+03
1.808556264203874662e+03
1.809014265736861944e+03
1.809658242221347336e+03
1.810489733851381288e+03
1.811502541503452903e+03
1.812705248627000174e+03
1.814099015175106388e+03
1.815662720951196889e+03
1.817419820798378851e+03
1.819349204423304400e+03
1.821452051564996736e+03
1.823736975300658969e+03
1.826190308640818103e+03
1.828813246266707438e+03
1.831614416156379093e+03
1.834572737800347113e+03
1.837696848961378009e+03
1.840987963872351429e+03
1.844432444826936262e+03
1.848031515513863269e+03
1.851786404242625622e+03
1.855690915513001983e+03
1.859746286629549104e+03
1.863946330910033794e+03
1.868292294290505424e+03
1.872785426876023394e+03
1.877419554488530139e+03
1.882195935263395313e+03
1.887108402843641215e+03
1.892158222974599312e+03
1.897346665048008845e+03
1.902652716946523242e+03
1.908092511742580427e+03
1.913659900795563544e+03
1.919341310354381449e+03
1.925145454864071326e+03
1.931066195124227534e+03
1.937089966553494151e+03
1.943232920860081094e+03
1.949474070814194420e+03
1.955822145330697140e+03
1.962271019304032279e+03
1.968814570251352734e+03
1.975446678261497937e+03
1.982168654300639218e+03
1.988981811823839053e+03
1.995872610042726819e+03
2.002842367300892874e+03
2.009884976003580960e+03
2.017001759304400366e+03
2.024186614396518053e+03
2.031440869209939592e+03
2.038758425712467670e+03
2.046132911519391428e+03
2.053556849664165384e+03
2.061037345550038026e+03
2.068566650310269324e+03
2.076137017525537431e+03
2.083740703242099244e+03
2.091392251041297186e+03
2.099076493606471104e+03
2.106793122842346747e+03
2.114534404840705065e+03
2.122300036595146594e+03
2.130082289312032572e+03
2.137880865118936526e+03
2.145680612017722979e+03
2.153481237284640883e+03
2.161282450763610996e+03
2.169069108153651996e+03
2.176848352741712461e+03
2.184597616925691000e+03
2.192331477334250394e+03
2.200034799634573119e+03
2.207699880235751152e+03
2.215333874583098350e+03
2.222921655342683152e+03
2.230462954079979227e+03
2.237964932828584551e+03
2.245419898950017796e+03
2.252827590086660166e+03
2.260187745705494763e+03
2.267492678633827381e+03
2.274749559988257261e+03
2.281943277294215932e+03
2.289081004451185436e+03
2.296147631488288425e+03
2.303142906166460762e+03
2.310051720422732615e+03
2.316881251961675389e+03
2.323623822339875005e+03
2.330264325148040825e+03
2.336817367590932463e+03
2.343267843511515821e+03
2.349622931667063767e+03
2.355874953801135689e+03
2.362023659517186388e+03
2.368061369401237698e+03
2.373995259896844345e+03
2.379825078080302774e+03
2.385543141489033133e+03
2.391156623003812001e+03
2.396657837282985838e+03
2.402046329074610640e+03
2.407328283326427027e+03
2.412487401369319741e+03
2.417529667452899503e+03
2.422438778506316339e+03
2.427205857408386692e+03
2.431829452863881215e+03
2.436308110937020047e+03
2.440632946592666485e+03
2.444802500296149447e+03
2.448815309570352383e+03
2.452684765611626972e+03
2.456401971462043548e+03
2.459972883692191317e+03
2.463403455640157517e+03
2.466692209008548161e+03
2.469830233819326168e+03
2.472816045076453065e+03
2.475640726034535874e+03
2.478295356524860836e+03
2.480771012937426349e+03
2.483066196559031596e+03
2.485171976865957731e+03
2.487094276572739545e+03
2.488839014933995713e+03
2.490404679400282475e+03
2.491797182327901737e+03
2.493015004290331490e+03
2.494071479142965472e+03
2.494965080637560277e+03
2.495694279139070659e+03
2.496250113292046990e+03
2.496623618387284750e+03
2.496820683077938156e+03
2.496824907642565904e+03
2.496627317398627838e+03
2.496233791062950786e+03
2.495650204058746112e+03
2.494860143469267769e+03
2.493891763191017617e+03
2.492736072078177131e+03
2.491398932387490731e+03
2.489878774716393309e+03
2.488196311388442609e+03
2.486327681280939487e+03
2.484286161652908049e+03
2.482055312963416782e+03
2.479640977289259354e+03
2.477034136535078687e+03
2.474225769090807262e+03
2.471229194706559156e+03
2.468035683954151409e+03
2.464651420308839079e+03
2.461075155168509809e+03
2.457327921192957547e+03
2.453393605437422138e+03
2.449293232788303612e+03
2.445025539092497638e+03
2.440589256138069686e+03
2.435983111583272603e+03
2.431213257235393939e+03
2.426270983928739952e+03
2.421169863205263027e+03
2.415901177143634868e+03
2.410463631692553918e+03
2.404870784955570343e+03
2.399106477026963603e+03
2.393176828384179316e+03
2.387087954781587086e+03
2.380831110498789258e+03
2.374412401695173230e+03
2.367837929668161905e+03
2.361098934117042063e+03
2.354208934864497678e+03
2.347166590081926188e+03
2.339977981323326730e+03
2.332641756814764904e+03
2.325178844852373913e+03
2.317573027004551022e+03
2.309837793275723925e+03
2.301964343673508665e+03
2.293966158336537774e+03
2.285834427466689249e+03
2.277567764771153634e+03
2.269172207510728640e+03
2.260646359854686580e+03
2.251988821293276487e+03
2.243213043407112309e+03
2.234302759840933504e+03
2.225278841537167864e+03
2.216132441670708886e+03
2.206869565842772317e+03
2.197488787127435444e+03
2.188003531224173912e+03
2.178397506462200909e+03
2.168691559062139277e+03
2.158876818096292027e+03
2.148959265705271264e+03
2.138944880514740362e+03
2.128832209404014520e+03
2.118620038513261989e+03
2.108322977675569746e+03
2.097941019525665524e+03
2.087474153783785368e+03
2.076929795725495751e+03
2.066307929599519412e+03
2.055623393795166976e+03
2.044868739205722250e+03
2.034051371091930605e+03
2.023171264140748690e+03
2.012235819272318622e+03
2.001252435392892721e+03
1.990221081144243726e+03
1.979141723349861650e+03
1.968014327107043528e+03
1.956853712575513327e+03
1.945652413310255270e+03
1.934410389742522057e+03
1.923142457606038761e+03
1.911848574607940918e+03
1.900521268847040801e+03
1.889175352279040681e+03
1.877818207376107011e+03
1.866434930483496601e+03
1.855047758675460500e+03
1.843649214653930585e+03
1.832246676898269016e+03
1.820847523010643499e+03
1.809451701409594762e+03
1.798059159722404956e+03
1.786669844825867813e+03
1.775298559586591409e+03
1.763937821148963167e+03
1.752595002725412542e+03
1.741270048584867936e+03
1.729962902442782706e+03
1.718680935852129323e+03
1.707424091544972271e+03
1.696199740176740534e+03
1.685000395321296082e+03
1.673840855270378370e+03
1.662713632982984791e+03
1.651626097890475194e+03
1.640578190902911501e+03
1.629577281170112883e+03
1.618615881095134455e+03
1.607708788153586738e+03
1.596848514864187109e+03
1.586035002265893581e+03
1.575283048348443799e+03
1.564585362188174713e+03
1.553942864845468648e+03
1.543364102049752319e+03
1.532842763443003605e+03
1.522394824431804864e+03
1.512013976190447011e+03
1.501708767520399761e+03
1.491472891560938024e+03
1.481314899304922164e+03
1.471243343015960590e+03
1.461251919648150988e+03
1.451349184369571503e+03
1.441536265635921609e+03
1.431814293666694994e+03
1.422184400572241202e+03
1.412647720481573288e+03
1.403212818020747363e+03
1.393873403390153499e+03
1.384638045893037543e+03
1.375507889011319548e+03
1.366476650530796633e+03
1.357552907715294850e+03
1.348737812377110004e+03
1.340039947696086983e+03
1.331445614934190189e+03
1.322963403649197062e+03
1.314601906752407103e+03
1.306354863912531300e+03
1.298223446706456798e+03
1.290216258714598553e+03
1.282327050560586940e+03
1.274557005047312487e+03
1.266907308886636656e+03
1.259386581124103031e+03
1.251988588157024424e+03
1.244714528848349346e+03
1.237573034584000197e+03
1.230557884273656327e+03
1.223670289447244613e+03
1.216911465944681140e+03
1.210282633950188938e+03
1.203792446371309552e+03
1.197427275461244335e+03
1.191203211288700913e+03
1.185106634948949250e+03
1.179146217023809413e+03
1.173323204184329597e+03
1.167638847540428742e+03
1.162086974286048189e+03
1.156676272741625098e+03
1.151393126963893565e+03
1.146253544301013790e+03
1.141243799455274484e+03
1.136372456542582768e+03
1.131625798969434300e+03
1.127019827861556450e+03
1.122540835237576630e+03
1.118197402435574986e+03
1.113990686686360505e+03
1.109906992737310475e+03
1.105962342928090720e+03
1.102143050363307566e+03
1.098450288989385854e+03
1.094900093570931404e+03
1.091471361216571268e+03
1.088180134860491535e+03
1.085027604791363046e+03
1.082000108634815888e+03
1.079106273089101478e+03
1.076347300510544073e+03
1.073716968902104099e+03
1.071216488604598680e+03
1.068832217238839121e+03
1.066580229802163331e+03
1.064439463513314195e+03
1.062426001314082441e+03
1.060526216718096521e+03
1.058741343915126890e+03
1.057087477775480465e+03
1.055543575404045214e+03
1.054125739649762181e+03
1.052820363961291150e+03
1.051643559197599870e+03
1.050581726834955816e+03
1.049643557427770020e+03
1.048815460515987070e+03
1.048091278034454490e+03
1.047487141020935951e+03
1.046989471170699744e+03
1.046592122592584928e+03
1.046303810162219634e+03
1.046118396121806200e+03
1.046029746778895969e+03
1.046054017552597315e+03
1.046177654514148117e+03
1.046401964477317961e+03
1.046728258283119658e+03
1.047157850781062280e+03
1.047684632455968995e+03
1.048309926101145038e+03
1.049027432110464815e+03
1.049837491215738282e+03
1.050740250021357951e+03
1.051735858933232521e+03
1.052809615406663170e+03
1.053969105640857833e+03
1.055207062765814953e+03
1.056523651826097876e+03
1.057911613008292761e+03
1.059378546614734432e+03
1.060917199580603665e+03
1.062527750438041039e+03
1.064202952524442935e+03
1.065942990587381473e+03
1.067740623984378090e+03
1.069603471630021659e+03
1.071516870137451633e+03
1.073495872159498049e+03
1.075518391122786852e+03
1.077599484613883760e+03
1.079724499108321425e+03
1.081901068301604937e+03
1.084114542885313540e+03
1.086372560524904657e+03
1.088667903983854785e+03
1.091008214399494136e+03
1.093378849406417203e+03
1.095787453112824778e+03
1.098219385874413092e+03
1.100689722622405498e+03
1.103183825939064718e+03
1.105701916038254922e+03
1.108244213945866022e+03
1.110810941382879037e+03
1.113394892300596439e+03
1.115996289469272369e+03
1.118615356018872490e+03
1.121244886982896560e+03
1.123885105896190225e+03
1.126536236345379393e+03
1.129198501873037912e+03
1.131864697535178720e+03
1.134535046513106863e+03
1.137209771678172956e+03
1.139889095510409106e+03
1.142565811670522862e+03
1.145247569976426121e+03
1.147927162931468956e+03
1.150597382357507740e+03
1.153273304381417347e+03
1.155932689920745588e+03
1.158589750174440951e+03
1.161228809368290513e+03
1.163863904154753072e+03
1.166479356759830580e+03
1.169074345035367060e+03
1.171655474061258474e+03
1.174207062698304071e+03
1.176743141994919824e+03
1.179248028340932706e+03
1.181728321875673828e+03
1.184175764693336987e+03
1.186596954200575738e+03
1.188983629671823110e+03
1.191334957255813379e+03
1.193650101580311912e+03
1.195928225706063358e+03
1.198168491079485875e+03
1.200362629133660676e+03
1.202509797938424299e+03
1.204616582148162252e+03
1.206674707896899690e+03
1.208683327792832870e+03
1.210649020859947768e+03
1.212556079076423202e+03
1.214403649063014200e+03
1.216205732017913078e+03
1.217954041898094601e+03
1.219640290400440563e+03
1.221278471940713644e+03
1.222852865127965970e+03
1.224370031140514584e+03
1.225829100247367933e+03
1.227221771729031161e+03
1.228554598847622628e+03
1.229826703714275254e+03
1.231029777206294284e+03
1.232170363934324996e+03
1.233247577107550569e+03
1.234245670099187691e+03
1.235186034814085588e+03
1.236052918102460808e+03
1.236852848478843043e+03
1.237577494288775370e+03
1.238233377029098165e+03
1.238819586218113727e+03
1.239335207668710609e+03
1.239771895063232932e+03
1.240136154931908550e+03
1.240427061532612697e+03
1.240643687924609139e+03
1.240785114275126944e+03
1.240857847780675229e+03
1.240846106420671276e+03
1.240763817357735661e+03
1.240602618438728996e+03
1.240368999903208532e+03
1.240062019294429547e+03
1.239680729776015596e+03
1.239224180103140043e+03
1.238691414598527899e+03
1.238088901483568861e+03
1.237408247813303433e+03
1.236655912868013957e+03
1.235830923097882533e+03
1.234924872123148134e+03
1.233944205789664011e+03
1.232887937127501118e+03
1.231762503065192277e+03
1.230559479396968527e+03
1.229285294205795935e+03
1.227938942838516823e+03
1.226519416285622128e+03
1.225025701214174433e+03
1.223456780003881022e+03
1.221819059136309079e+03
1.220111512535974953e+03
1.218325681614280938e+03
1.216475388716518410e+03
1.214552167068155995e+03
1.212554974225129172e+03
1.210490192124348823e+03
1.208356770434651025e+03
1.206153654959169444e+03
1.203879787687865473e+03
1.201534106850215267e+03
1.199122975318065073e+03
1.196645323957424807e+03
1.194100080030497111e+03
1.191478738896495997e+03
1.188802505813077232e+03
1.186055440833240482e+03
1.183243885655303984e+03
1.180374178618854103e+03
1.177437798049577850e+03
1.174433647353911965e+03
1.171368055061469022e+03
1.168247346515722938e+03
1.165062987212958205e+03
1.161813867891009750e+03
1.158506459205251304e+03
1.155140418981547555e+03
1.151715556682311217e+03
1.148239107150233394e+03
1.144703445589420653e+03
1.141115800997436509e+03
1.137475971144912819e+03
1.133791179305910418e+03
1.130061217586969406e+03
1.126278446956554490e+03
1.122450082325356789e+03
1.118583335875666990e+03
1.114670560391295794e+03
1.110718962689768205e+03
1.106735746954014758e+03
1.102705829715037225e+03
1.098643838338520482e+03
1.094549540959853175e+03
1.090422703223021927e+03
1.086255659970822080e+03
1.082070457038827726e+03
1.077844567798043954e+03
1.073600033405653676e+03
1.069321751002753899e+03
1.065024328919959771e+03
1.060700088281985018e+03
1.056356204818290280e+03
1.051992423874869246e+03
1.047615917180471115e+03
1.043218997864787525e+03
1.038801405581358495e+03
1.034370306582933836e+03
1.029932865449750807e+03
1.025473960120414858e+03
1.021008180428308606e+03
1.016527829737421825e+03
1.012040066783979455e+03
1.007544620718732858e+03
1.003041219552745588e+03
9.985295902552531970e+02
9.940168872038999552e+02
9.895028355861479668e+02
9.849797315028865796e+02
9.804547271242614670e+02
9.759275457452296223e+02
9.714053385933452773e+02
9.668803998860174715e+02
9.623598803399793269e+02
9.578360738789619973e+02
9.533235594935529207e+02
9.488073512410929879e+02
9.442953418352072958e+02
9.397955726718506639e+02
9.353012288912378835e+02
9.308203528833112159e+02
9.263535593399150230e+02
9.219014637061958410e+02
9.174646822797925552e+02
9.130364039576086270e+02
9.086395320817529182e+02
9.042524010292372623e+02
8.998904881542871408e+02
8.955544154233953122e+02
8.912373778495115175e+02
8.869474286237818887e+02
8.826777657925238145e+02
8.784438740833845713e+02
8.742389548756616477e+02
8.700636396700213027e+02
8.659185618038769690e+02
8.618043565139583961e+02
8.577290893461138239e+02
8.536859711611649573e+02
8.496749004043635978e+02
8.457039488263995963e+02
8.417715334910926686e+02
8.378783021815416987e+02
8.340249049383909323e+02
8.302119941009068498e+02
8.264409671809705742e+02
8.227124812300469330e+02
8.190271957094490745e+02
8.153857725239664660e+02
8.117888760540625981e+02
8.082379160218372363e+02
8.047328190158102643e+02
8.012749998599728087e+02
7.978643903019041090e+02
7.945016675454967299e+02
7.911889971132249002e+02
7.879255758629859656e+02
7.847120890251354695e+02
7.815492245593520693e+02
7.784384160167318214e+02
7.753781283920022815e+02
7.723705436664556601e+02
7.694148753208913831e+02
7.665125682094909507e+02
7.636628415789612063e+02
7.608664032735906630e+02
7.581239759251957366e+02
7.554355896375662951e+02
7.528012893652755793e+02
7.502211231169252414e+02
7.476973704935027172e+02
7.452278572070352993e+02
7.428141263002844426e+02
7.404562383364593643e+02
7.381542571045398518e+02
7.359075068198144436e+02
7.337175434997246839e+02
7.315836979895258310e+02
7.295060473381346355e+02
7.274846719986564949e+02
7.255196558635983592e+02
7.236110862995959678e+02
7.217590541814986409e+02
7.199636539256584911e+02
7.182249835222633010e+02
7.165424017315245919e+02
7.149167566186871454e+02
7.133481570774491729e+02
7.118352300218340361e+02
7.103788345864574012e+02
7.089783479746411103e+02
7.076338939846757512e+02
7.063456001937937572e+02
7.051128551398190893e+02
7.039350511704211613e+02
7.028130701248297783e+02
7.017463120027314289e+02
7.007334378055257957e+02
6.997760837148299515e+02
6.988729184127332701e+02
6.980233572543888840e+02
6.972283050974640446e+02
6.964864421183632430e+02
6.957986808106194303e+02
6.951637089598630155e+02
6.945809609659193029e+02
6.940513606567135412e+02
6.935736070889339544e+02
6.931478886958832391e+02
6.927729119170866170e+02
6.924496153401639731e+02
6.921767126545285009e+02
6.919544067875373230e+02
6.917814185226806103e+02
6.916587006303491307e+02
6.915849808107839181e+02
6.915603573198679896e+02
6.915837149124038206e+02
6.916560516283511788e+02
6.917687118764998786e+02
6.919323569425786218e+02
6.921398231783324491e+02
6.923913783310338204e+02
6.926872931303646510e+02
6.930204128739120506e+02
6.933910140621701430e+02
6.937993759816898773e+02
6.942532089877668113e+02
6.947379410350591797e+02
6.952612877100222022e+02
6.958235387602935589e+02
6.964101296744136107e+02
6.970362117130044908e+02
6.976946533865357196e+02
6.983783254355405461e+02
6.991023858108976583e+02
6.998448528015352395e+02
7.006208884669065355e+02
7.014233717653332860e+02
7.022526118857998654e+02
7.031014914787833732e+02
7.039777516389367520e+02
7.048817067869426864e+02
7.058062446028445720e+02
7.067516826606527047e+02
7.077109116627682397e+02
7.086991087767557929e+02
7.097017391202423369e+02
7.107191257999567142e+02
7.117515931496727717e+02
7.128068950198011180e+02
7.138779296668823235e+02
7.149575963952091797e+02
7.160536521993129782e+02
7.171589983057832569e+02
7.182813935178874090e+02
7.194137407589489612e+02
7.205563720681877840e+02
7.217170485464679359e+02
7.228812469016485238e+02
7.240493011467189035e+02
7.252289741969069610e+02
7.264206011169349040e+02
7.276096607188470671e+02
7.288113456118360318e+02
7.300111353487296810e+02
7.312240965702778794e+02
7.324350763328610583e+02
7.336510803275828039e+02
7.348716860338664674e+02
7.360890426675099434e+02
7.373027278289000606e+02
7.385123191000560610e+02
7.397248223416718247e+02
7.409249582383283723e+02
7.421271606958080156e+02
7.433161499839352473e+02
7.444989311323855645e+02
7.456676521226498835e+02
7.468293172313533432e+02
7.479760735706324795e+02
7.491149244295291965e+02
7.502380158123750107e+02
7.513523497781359310e+02
7.524500709767102080e+02
7.535307516359163174e+02
7.545939631464308377e+02
7.556392759959361456e+02
7.566736880525028255e+02
7.576819110957399062e+02
7.586709408495077014e+02
7.596403435112471243e+02
7.605822556814897553e+02
7.615036693433779647e+02
7.624041467400239753e+02
7.632832486523118405e+02
7.641331059757422963e+02
7.649607046979373308e+02
7.657581724241813390e+02
7.665324917048786801e+02
7.672757865610710724e+02
7.679950358121618592e+02
7.686823596020034302e+02
7.693373043772588744e+02
7.699668428157031030e+02
7.705705170548841352e+02
7.711404386223182428e+02
7.716761450673935769e+02
7.721771715439087984e+02
7.726504790946736421e+02
7.730881695368443616e+02
7.734897704506693117e+02
7.738622351195598412e+02
7.741976574216535028e+02
7.744955568252745479e+02
7.747628783361936939e+02
7.749991094778448542e+02
7.751962014363959952e+02
7.753535045246663913e+02
7.754777944101278990e+02
7.755684153763235145e+02
7.756247086382666112e+02
7.756460123108914786e+02
7.756242330306058648e+02
7.755661309812312538e+02
7.754710348218538911e+02
7.753382700190853711e+02
7.751671588324683171e+02
7.749570203032478730e+02
7.747071702464544387e+02
7.744169212462298901e+02
7.740930110045651418e+02
7.737273172920904472e+02
7.733265713535531631e+02
7.728826445140941814e+02
7.723948332399232868e+02
7.718772875009757399e+02
7.713144406841228147e+02
7.707055797114927600e+02
7.700648450592000245e+02
7.693766606762709444e+02
7.686551608085437692e+02
7.678921915700668706e+02
7.670870243682646787e+02
7.662463559288813713e+02
7.653620232707222613e+02
7.644407171324517094e+02
7.634742685974681535e+02
7.624693625206234628e+02
7.614326808530688595e+02
7.603486176162585934e+02
7.592312773776608310e+02
7.580650484717308473e+02
7.568640298237207844e+02
7.556274608686618421e+02
7.543434357454979136e+02
7.530223308906201964e+02
7.516618918073936584e+02
7.502620897805678624e+02
7.488221505482285920e+02
7.473427828170318890e+02
7.458239497653711396e+02
7.442663547197689695e+02
7.426692126542704955e+02
7.410332215332006172e+02
7.393583338070153559e+02
7.376445826972936857e+02
7.358938182165845774e+02
7.341049998027621086e+02
7.322793127088713163e+02
7.304179394924316284e+02
7.285205743390300768e+02
7.265876515605500572e+02
7.246203455880837510e+02
7.226190852948336669e+02
7.205842968244057829e+02
7.185164035846951265e+02
7.164180547477651544e+02
7.142881825656830870e+02
7.121286878833237779e+02
7.099407259626848372e+02
7.077239636494715569e+02
7.054795507172913176e+02
7.032086342044776757e+02
7.009108727539904748e+02
6.985874079668171817e+02
6.962386359138160969e+02
6.938649499915192109e+02
6.914667409469966515e+02
6.890451397420313242e+02
6.866005319166839627e+02
6.841340432975691783e+02
6.816453115357415982e+02
6.791354574945771674e+02
6.766055996323862018e+02
6.740553683899294128e+02
6.714858775929783405e+02
6.688967531795232162e+02
6.662898474469733401e+02
6.636647821187351610e+02
6.610219197655389962e+02
6.583623638909798501e+02
6.556849876810520072e+02
6.529923767778228694e+02
6.502841438612385900e+02
6.475606429245176514e+02
6.448222265422945156e+02
6.420707316463651750e+02
6.393050226233718831e+02
6.365269341045593592e+02
6.337353283964267803e+02
6.309320382726277785e+02
6.281174100759120620e+02
6.252903038301451488e+02
6.224525503619341862e+02
6.196037515659197652e+02
6.167443553052612515e+02
6.138752230378565855e+02
6.109980624018257913e+02
6.081123525258390146e+02
6.052198011378513911e+02
6.023213733199432909e+02
5.994180344342676108e+02
5.965107502096132066e+02
5.936004868232880654e+02
5.906874681430224427e+02
5.877726614687433084e+02
5.848577775988933354e+02
5.819422995510744840e+02
5.790286824622744462e+02
5.761164109579436854e+02
5.732071990406411715e+02
5.703005331175619403e+02
5.673981290426297619e+02
5.645009608027090735e+02
5.616085177034146909e+02
5.587232613948107200e+02
5.558439403666909584e+02
5.529722754695479807e+02
5.501092457407486336e+02
5.472550884017554154e+02
5.444100416866854175e+02
5.415758305026361086e+02
5.387526950770565008e+02
5.359416194479740625e+02
5.331421029422531319e+02
5.303558743327558886e+02
5.275831776444919115e+02
5.248242578057207766e+02
5.220793606293353832e+02
5.193487327951174848e+02
5.166341075034613368e+02
5.139349902858707537e+02
5.112516303331505583e+02
5.085850204864610191e+02
5.059354115617671823e+02
5.033030551832505921e+02
5.006889466210270143e+02
4.980925962934485938e+02
4.955150011196047899e+02
4.929564160319710027e+02
4.904163539997016414e+02
4.878965573977986310e+02
4.853965410319520970e+02
4.829158206846280450e+02
4.804568845022422465e+02
4.780177994663461050e+02
4.755997441079083501e+02
4.732031900922203818e+02
4.708286103562403468e+02
4.684764791846545791e+02
4.661465294560567827e+02
4.638399812340213089e+02
4.615565705174061009e+02
4.592967778397903658e+02
4.570610855322869384e+02
4.548499778243271976e+02
4.526639409468322128e+02
4.505027204021445186e+02
4.483668067402018096e+02
4.462566928301510529e+02
4.441728739668411094e+02
4.421151051414633457e+02
4.400838868157579782e+02
4.380789793539228185e+02
4.361008887917431593e+02
4.341501240970961248e+02
4.322264544262451977e+02
4.303303948803682033e+02
4.284617209165309077e+02
4.266209540927333137e+02
4.248086193013108414e+02
4.230237591602448788e+02
4.212676482421301216e+02
4.195400789449751642e+02
4.178408471999143217e+02
4.161704953353421956e+02
4.145288264271978278e+02
4.129156471453798076e+02
4.113322534261482133e+02
4.097777162902805230e+02
4.082518531674172095e+02
4.067559707064011150e+02
4.052891505667082583e+02
4.038519635516067297e+02
4.024442410528978940e+02
4.010658178279066419e+02
3.997172747690486290e+02
3.983984531613835429e+02
3.971099402738698814e+02
3.958508407696853055e+02
3.946217479565456188e+02
3.934225151873494042e+02
3.922529985971322048e+02
3.911137998369700881e+02
3.900040374654950597e+02
3.889242641805905691e+02
3.878748190332471495e+02
3.868537608273868500e+02
3.858628646988594824e+02
3.849001936621519917e+02
3.839652983549401597e+02
3.830592169406249923e+02
3.821807608396193245e+02
3.813302288154361577e+02
3.805064355507433334e+02
3.797096829093977135e+02
3.789387885245965322e+02
3.781947999090502890e+02
3.774765373870959024e+02
3.767835653846241257e+02
3.761154495517305918e+02
3.754724995634725246e+02
3.748542834237424586e+02
3.742596274474404936e+02
3.736888447559516635e+02
3.731415067706046216e+02
3.726171860541893466e+02
3.721154563251539571e+02
3.716366353142065577e+02
3.711795562877978796e+02
3.707445394232892681e+02
3.703311633449233682e+02
3.699397508402983590e+02
3.695683975714196094e+02
3.692174291400202719e+02
3.688879154759505923e+02
3.685772138879445379e+02
3.682863974764376280e+02
3.680150553517618164e+02
3.677627783674956277e+02
3.675291591828161586e+02
3.673137923230146384e+02
3.671170170723231649e+02
3.669384318580815147e+02
3.667768943005205529e+02
3.666327497623656768e+02
3.665063457172727794e+02
3.663958032764525683e+02
3.663029598930864381e+02
3.662251981931453315e+02
3.661643600030818675e+02
3.661193179977620389e+02
3.660889470290974259e+02
3.660743526096434834e+02
3.660751567057097304e+02
3.660909057337032095e+02
3.661208376129113162e+02
3.661648574314663733e+02
3.662221293337808561e+02
3.662925621062505570e+02
3.663745805777174951e+02
3.664680968553313960e+02
3.665722817058927490e+02
3.666877929385132120e+02
3.668123182638150297e+02
3.669465178359134256e+02
3.670888242622013422e+02
3.672391566274170600e+02
3.673974346673907689e+02
3.675628357735886311e+02
3.677352804994711164e+02
3.679132038894712764e+02
3.680965266519240231e+02
3.682859121567036595e+02
3.684790520936610392e+02
3.686773518233800928e+02
3.688792447005201325e+02
3.690839060915922687e+02
3.692927388927732864e+02
3.695034307035734287e+02
3.697158963679613635e+02
3.699307921731983697e+02
3.701465443874246830e+02
3.703630633220532786e+02
3.705802575592736048e+02
3.707972910254949852e+02
3.710140685813158825e+02
3.712297502832968235e+02
3.714442369980896501e+02
3.716566846889776912e+02
3.718684757252309510e+02
3.720780190188978622e+02
3.722852070295776912e+02
3.724899301014846742e+02
3.726920764827858079e+02
3.728915323567877635e+02
3.730874390494764157e+02
3.732796787529334779e+02
3.734673889187894815e+02
3.736519336712067911e+02
3.738309612081016553e+02
3.740050894054136279e+02
3.741749345726860270e+02
3.743381402142323395e+02
3.744968054851378270e+02
3.746492790101812034e+02
3.747959963606043061e+02
3.749366141408835347e+02
3.750700452055451706e+02
3.751959444396424033e+02
3.753147088664661055e+02
3.754252492462607051e+02
3.755272186799952010e+02
3.756202698668005269e+02
3.757047980241337655e+02
3.757797124594846423e+02
3.758446651429093208e+02
3.759000507642757043e+02
3.759447782744139772e+02
3.759799850947323989e+02
3.760045801292091596e+02
3.760182151137731239e+02
3.760212846123234840e+02
3.760134403291536955e+02
3.759943339127358399e+02
3.759636169107207593e+02
3.759209407112526833e+02
3.758666993058241133e+02
3.757998006988653401e+02
3.757213809848105370e+02
3.756296043926998891e+02
3.755256058446669272e+02
3.754090338133682963e+02
3.752787930147694055e+02
3.751360155971693189e+02
3.749796039722153864e+02
3.748099448245882854e+02
3.746266804361092682e+02
3.744301941808884635e+02
3.742193818426044345e+02
3.739953656106270614e+02
3.737577797259463068e+02
3.735055131387409801e+02
3.732396806739509429e+02
3.729599086859856243e+02
3.726650777293597230e+02
3.723562937415655369e+02
3.720331737192237824e+02
3.716945884141789520e+02
3.713416335456848856e+02
3.709731726745059746e+02
3.705902941105424588e+02
3.701918538143460751e+02
3.697789323339850398e+02
3.693503777374047559e+02
3.689072946567791860e+02
3.684494263150444908e+02
3.679765439632836319e+02
3.674891576511412268e+02
3.669877734200662189e+02
3.664721505141145599e+02
3.659420442781681686e+02
3.653979490731897499e+02
3.648396127029619720e+02
3.642675221968786445e+02
3.636814182678425595e+02
3.630817811246012639e+02
3.624683449573270764e+02
3.618415837755365487e+02
3.612019687519617719e+02
3.605492255761416800e+02
3.598838203214140208e+02
3.592054739786656228e+02
3.585146483355085252e+02
3.578110605191006925e+02
3.570951688811924782e+02
3.563674303785775237e+02
3.556268151173473484e+02
3.548737779044698186e+02
3.541095156197851566e+02
3.533329960768649585e+02
3.525446723914764675e+02
3.517449974957525001e+02
3.509344243118623012e+02
3.501119202437402578e+02
3.492794243358706581e+02
3.484359047274393788e+02
3.475818157815245968e+02
3.467168696828560428e+02
3.458415221937273145e+02
3.449562298872440920e+02
3.440599645274825775e+02
3.431539272764441080e+02
3.422370916971929091e+02
3.413106607587528742e+02
3.403743526373479540e+02
3.394278863447567574e+02
3.384724673390867906e+02
3.375070732734284888e+02
3.365321680786013303e+02
3.355482161854990295e+02
3.345556824033313887e+02
3.335528032798382014e+02
3.325415296351503684e+02
3.315208408900293762e+02
3.304912585444993738e+02
3.294535302365985103e+02
3.284069739936910537e+02
3.273531355927185587e+02
3.262920742020758098e+02
3.252245907037085999e+02
3.241499990069228829e+02
3.230698400460911444e+02
3.219834245986034489e+02
3.208930329654476168e+02
3.197964864654073835e+02
3.186960613105260904e+02
3.175918029583553448e+02
3.164837544983127486e+02
3.153719565481675318e+02
3.142564471670012267e+02
3.131387474558339932e+02
3.120188901667145842e+02
3.108961625063932956e+02
3.097720774652118507e+02
3.086466596514255230e+02
3.075191881566745451e+02
3.063911679476892687e+02
3.052618729288887494e+02
3.041328030462188963e+02
3.030032273912455025e+02
3.018738985105125607e+02
3.007448240539489461e+02
2.996160097817055430e+02
2.984874597532187295e+02
2.973606622023348791e+02
2.962348755818800328e+02
2.951101001365504430e+02
2.939863353121183991e+02
2.928643228443613111e+02
2.917448041857492171e+02
2.906262922679405847e+02
2.895102716183666871e+02
2.883959987882383871e+02
2.872842168005207100e+02
2.861749269152558668e+02
2.850688745654451850e+02
2.839653211111400424e+02
2.828642725949611645e+02
2.817664799818174401e+02
2.806719537159225979e+02
2.795807067683967944e+02
2.784927548336256677e+02
2.774081165077957962e+02
2.763275562831652223e+02
2.752496470242842292e+02
2.741760709630954693e+02
2.731063189148856623e+02
2.720413708463837565e+02
2.709807245822099731e+02
2.699253671670311405e+02
2.688748035228419440e+02
2.678292849267728570e+02
2.667905517944407165e+02
2.657573765941683632e+02
2.647300207582098324e+02
2.637094917263758589e+02
2.626953142982517875e+02
2.616877589754723772e+02
2.606878417802748800e+02
2.596950955519506579e+02
2.587097982382046553e+02
2.577322298331013712e+02
2.567634149738098017e+02
2.558021513531533344e+02
2.548494664756130703e+02
2.539056460586448338e+02
2.529702337720745788e+02
2.520450023180297592e+02
2.511280104934822930e+02
2.502202884536022793e+02
2.493228661276225750e+02
2.484345444799691904e+02
2.475563522991975276e+02
2.466885746515106348e+02
2.458307526913548031e+02
2.449824263260344992e+02
2.441453625712427993e+02
2.433183555789148613e+02
2.425024263795320678e+02
2.416971086295564817e+02
2.409026770656194572e+02
2.401194046460628044e+02
2.393468197206018999e+02
2.385851917336134989e+02
2.378347884510786230e+02
2.370958760512096148e+02
2.363687192434129258e+02
2.356520957449565401e+02
2.349470106297370364e+02
2.342537251876651112e+02
2.335717571486728161e+02
2.329013665997346720e+02
2.322420705829737813e+02
2.315941290530592767e+02
2.309585248429795001e+02
2.303339316271909354e+02
2.297204894435639915e+02
2.291183397024199735e+02
2.285276255336648887e+02
2.279477493026222703e+02
2.273788586316887859e+02
2.268211039146325447e+02
2.262738958255512784e+02
2.257373913245046140e+02
2.252117511466348105e+02
2.246956544418370072e+02
2.241907560772944521e+02
2.236957442295159808e+02
2.232100548088676533e+02
2.227353573536643978e+02
2.222703553813112478e+02
2.218145007298561211e+02
2.213694793626326316e+02
2.209332687891077285e+02
2.205068236461533218e+02
2.200903615527813031e+02
2.196826202678897744e+02
2.192845718204630145e+02
2.188964510865475006e+02
2.185170128333132311e+02
2.181465029005732390e+02
2.177851723351281805e+02
2.174325343240685129e+02
2.170895924333798064e+02
2.167551261331288117e+02
2.164301474765801458e+02
2.161141865648561975e+02
2.158067768300255693e+02
2.155089402941357264e+02
2.152194729619461100e+02
2.149394013809566673e+02
2.146682680015248366e+02
2.144056163710299643e+02
2.141524763205647446e+02
2.139083921377716706e+02
2.136729077499788900e+02
2.134455662413431298e+02
2.132281378830591905e+02
2.130186769902082915e+02
2.128189498248556788e+02
2.126277486532810315e+02
2.124446055168734802e+02
2.122712775248329251e+02
2.121058038269020756e+02
2.119498952411087203e+02
2.118021332346443728e+02
2.116625419228167857e+02
2.115311406115668831e+02
2.114079436448525371e+02
2.112922174625490186e+02
2.111832233753981711e+02
2.110817032230739585e+02
2.109869080709067077e+02
2.108988268009165949e+02
2.108167005767860758e+02
2.107405086975223014e+02
2.106694831587322483e+02
2.106043374354518676e+02
2.105442954645495490e+02
2.104885776799552843e+02
2.104386299231363182e+02
2.103921812057008651e+02
2.103506725366842147e+02
2.103125719150952762e+02
2.102785747097945830e+02
2.102486328769466581e+02
2.102212127010624272e+02
2.101970095601546689e+02
2.101759771848907974e+02
2.101565854271541411e+02
2.101395350380828120e+02
2.101247869251325255e+02
2.101115627383708215e+02
2.100998311108420751e+02
2.100903082078366424e+02
2.100814869100338740e+02
2.100733514809923577e+02
2.100666351889276484e+02
2.100605922184033432e+02
2.100552265479057326e+02
2.100498066040833294e+02
2.100450940392786094e+02
2.100403726087817518e+02
2.100356768352727670e+02
2.100303064376828388e+02
2.100250548726957902e+02
2.100199808020483658e+02
2.100144079997734536e+02
2.100091536988006169e+02
2.100035570265926879e+02
2.099969643855928894e+02
2.099909576043276331e+02
2.099848965104155525e+02
2.099788897929772418e+02
