-5.382494712571351528e+08
-5.382413288859761953e+08
-5.382258245494319201e+08
-5.382032021972925663e+08
-5.381738702988510132e+08
-5.381346812160218954e+08
-5.380894870839077234e+08
-5.380344658903294802e+08
-5.379704537864753008e+08
-5.379018939839286804e+08
-5.378293710881515741e+08
-5.377438077676367760e+08
-5.376565875495992899e+08
-5.375602666396684647e+08
-5.374539879019771814e+08
-5.373437765613868237e+08
-5.372184720869374275e+08
-5.370871155008438826e+08
-5.369433237690618038e+08
-5.367980344745362401e+08
-5.366426053973867893e+08
-5.364708675093553066e+08
-5.362982254633458257e+08
-5.361111379833431840e+08
-5.359239544993969798e+08
-5.357224167371736169e+08
-5.355137666324933767e+08
-5.353010245676435828e+08
-5.350787162230812907e+08
-5.348504113357042074e+08
-5.346077443386383653e+08
-5.343678125814677477e+08
-5.341089742025536895e+08
-5.338426650848675966e+08
-5.335657313994216919e+08
-5.332793641952058673e+08
-5.329902853301890492e+08
-5.326900784870176315e+08
-5.323784971959556937e+08
-5.320574549118594527e+08
-5.317226690614621043e+08
-5.313849192733485699e+08
-5.310404740924251676e+08
-5.306879450096681118e+08
-5.303127155975517631e+08
-5.299332339300580025e+08
-5.295497815383995175e+08
-5.291557338298619986e+08
-5.287437303959705830e+08
-5.283176264490924478e+08
-5.278915346165847778e+08
-5.274503270084422827e+08
-5.269992442879598737e+08
-5.265358068851144314e+08
-5.260525288907590508e+08
-5.255652060041055679e+08
-5.250660753838638067e+08
-5.245639796143763065e+08
-5.240417839535288811e+08
-5.235035694831573963e+08
-5.229542762142891884e+08
-5.223944868085759878e+08
-5.218157314101160765e+08
-5.212185760270811915e+08
-5.206281032587630749e+08
-5.200038579778506756e+08
-5.193728848571581841e+08
-5.187262229192925096e+08
-5.180675410118502975e+08
-5.173917176494137049e+08
-5.167007623433675766e+08
-5.159878985764296651e+08
-5.152560810090874434e+08
-5.145250094611329436e+08
-5.137571027195353508e+08
-5.129675119385492802e+08
-5.121692409798243046e+08
-5.113548097655026913e+08
-5.105031808174003363e+08
-5.096463421183131933e+08
-5.087764898350419998e+08
-5.078585231322419643e+08
-5.069287696061547399e+08
-5.059728811234605312e+08
-5.049990338976115584e+08
-5.040060865185035467e+08
-5.029696631062142849e+08
-5.018861445729679465e+08
-5.007945493602809906e+08
-4.997005657051048279e+08
-4.985375312333683372e+08
-4.973253919398627281e+08
-4.961017128555870056e+08
-4.948644274873404503e+08
-4.935315499861125946e+08
-4.921770689281274676e+08
-4.907779529838005304e+08
-4.893334845721144080e+08
-4.878609145932006240e+08
-4.862933659471362233e+08
-4.846874718537162542e+08
-4.829978746459932327e+08
-4.812740032254794836e+08
-4.794056673925833702e+08
-4.775180511687722206e+08
-4.755113177621354461e+08
-4.734405986888362765e+08
-4.712050870260474086e+08
-4.688812556580336094e+08
-4.664075709184268117e+08
-4.638022789000361562e+08
-4.609973479719989896e+08
-4.579599929724380970e+08
-4.547434389873020649e+08
-4.511954346774421930e+08
-4.473440901307978630e+08
-4.431056887151060104e+08
-4.383444068386172056e+08
-4.330223911453502178e+08
-4.270222779090119600e+08
-4.202678179267677069e+08
-4.128500363544107676e+08
-4.048629497001738548e+08
-3.965339029706695080e+08
-3.881361884968670607e+08
-3.799905366241606474e+08
-3.720467766814963818e+08
-3.648431879868196249e+08
-3.580982933798484802e+08
-3.519779760812565088e+08
-3.466319618403537273e+08
-3.422250451219377518e+08
-3.387557533319258690e+08
-3.365815930259735584e+08
-3.352714308920130730e+08
-3.349831915492227077e+08
-3.361300635982899666e+08
-3.381432662789790630e+08
-3.416677403460893631e+08
-3.461566513830838203e+08
-3.516729935401985645e+08
-3.584335965326578617e+08
-3.659155705476565361e+08
-3.744002417719686031e+08
-3.841870024084525108e+08
-3.939477989027733803e+08
-4.041624732331752777e+08
-4.151639919064311981e+08
-4.257976227279262543e+08
-4.369104227799272537e+08
-4.483160845637168884e+08
-4.595124530393705368e+08
-4.704632395457196236e+08
-4.805007866792926788e+08
-4.899279457968840599e+08
-4.988301448362774849e+08
-5.065985073082995415e+08
-5.137220096757030487e+08
-5.204252251762428284e+08
-5.270757641505684853e+08
-5.323476315222530365e+08
-5.379018944620885849e+08
-5.426493658857889175e+08
-5.467081996485719681e+08
-5.503383625830121040e+08
-5.528524811582045555e+08
-5.555661073116490841e+08
-5.573413210127675533e+08
-5.591671640597243309e+08
-5.598892329948556423e+08
-5.607636155935199261e+08
-5.616072187775053978e+08
-5.619015868387196064e+08
-5.614799259351227283e+08
-5.607691314454374313e+08
-5.599458973611922264e+08
-5.587250906632061005e+08
-5.575394005884478092e+08
-5.566011002223746777e+08
-5.552951688966028690e+08
-5.539383784604883194e+08
-5.526010704553575516e+08
-5.508278365736980438e+08
-5.494304918609144688e+08
-5.477649041664454937e+08
-5.457572486284804344e+08
-5.441457529695527554e+08
-5.424049013483767509e+08
-5.404390576269464493e+08
-5.384296024333915710e+08
-5.365018502171893120e+08
-5.347046794061744213e+08
-5.328013910186965466e+08
-5.310206536336488724e+08
-5.294078878977575302e+08
-5.275872676113414764e+08
-5.258078293325011730e+08
-5.240408227119839191e+08
-5.221396901540503502e+08
-5.207588810736856461e+08
-5.192835897039930820e+08
-5.179892331697773933e+08
-5.168432261501085758e+08
-5.154632838683433533e+08
-5.144647182879149914e+08
-5.135035351489148140e+08
-5.126419635777713060e+08
-5.118110945354920626e+08
-5.110408546811331511e+08
-5.101612345396424532e+08
-5.095522525450767279e+08
-5.087311856352366209e+08
-5.079932274388858080e+08
-5.070747610353797674e+08
-5.063777680470752716e+08
-5.055536859407752752e+08
-5.048408558547641039e+08
-5.040089412213567495e+08
-5.033047554322355986e+08
-5.024132264449049234e+08
-5.017303426761194468e+08
-5.007406100391483307e+08
-4.996832966577852964e+08
-4.988809336961663961e+08
-4.979049240619456768e+08
-4.968820929595984221e+08
-4.958189856315686703e+08
-4.948736413898642063e+08
-4.933812867082525492e+08
-4.920734729583184719e+08
-4.907588046109095812e+08
-4.888500491761952639e+08
-4.870398177184443474e+08
-4.849201820379656553e+08
-4.826040860085898638e+08
-4.802254979079400301e+08
-4.773081571737111807e+08
-4.742469817315614223e+08
-4.707155720211067200e+08
-4.674276190438773632e+08
-4.636540973484752178e+08
-4.595980105204232931e+08
-4.556099805223509073e+08
-4.512838608037817478e+08
-4.467872579546114206e+08
-4.420218575999668837e+08
-4.371189163269292116e+08
-4.323532399940450191e+08
-4.272849914418888092e+08
-4.223694479262248278e+08
-4.176207346941912174e+08
-4.123137547210068703e+08
-4.074606651928697824e+08
-4.022686668138213158e+08
-3.970308121609408855e+08
-3.917257131273252964e+08
-3.864244758315395117e+08
-3.812143525618157387e+08
-3.760748338663336039e+08
-3.708181275905083418e+08
-3.653318583145674467e+08
-3.601330532103849649e+08
-3.550111963051286936e+08
-3.498555176723297834e+08
-3.450547047237763405e+08
-3.405323165521709919e+08
-3.361021058179465532e+08
-3.319319394393196106e+08
-3.281161182730239630e+08
-3.246482645762790442e+08
-3.215185137745923996e+08
-3.183128601191813946e+08
-3.154113412717064619e+08
-3.128464609234522581e+08
-3.102673273906126022e+08
-3.079271117932685614e+08
-3.055480474643687010e+08
-3.034308993430846930e+08
-3.013121391009657383e+08
-2.993390242660778761e+08
-2.975041465748525858e+08
-2.958759531795113087e+08
-2.940845701427527666e+08
-2.925773654759340286e+08
-2.912369602129551172e+08
-2.897573479242309332e+08
-2.884848616426727772e+08
-2.870473749906923771e+08
-2.856692174680479765e+08
-2.845655453857387304e+08
-2.833913993758833408e+08
-2.821550209331108332e+08
-2.811628060059959888e+08
-2.800535969177370071e+08
-2.790056118988506794e+08
-2.780062116892375946e+08
-2.770422933390458822e+08
-2.761853862700358629e+08
-2.753984040418939590e+08
-2.744595839046996832e+08
-2.736665355304703712e+08
-2.729282989624032974e+08
-2.720059788562310934e+08
-2.712176888669807911e+08
-2.704164276702157259e+08
-2.698099838061016798e+08
-2.691504263438038826e+08
-2.684532786986124516e+08
-2.677664908229886293e+08
-2.673672420071706772e+08
-2.668383881948012114e+08
-2.664368332542171478e+08
-2.659620267161066532e+08
-2.656720039705833197e+08
-2.653423612535424232e+08
-2.645993146698687077e+08
-2.643635584341537952e+08
-2.640500133154104948e+08
-2.636642393377470970e+08
-2.635152122790626287e+08
-2.631489502797948122e+08
-2.627917694329487085e+08
-2.624926376346817017e+08
-2.621588988782846928e+08
-2.619802112810649872e+08
-2.618271857317928076e+08
-2.615178727787863016e+08
-2.614421861962351799e+08
-2.613386284656615257e+08
-2.612125475647175312e+08
-2.613437054168286324e+08
-2.612972825155320168e+08
-2.613185224456460476e+08
-2.615728941545065641e+08
-2.616158164216767550e+08
-2.615346539870285988e+08
-2.615967208679730892e+08
-2.615927805512439013e+08
-2.616838968956943750e+08
-2.615539014357722998e+08
-2.613224106858377457e+08
-2.614576560296670198e+08
-2.613516278722720146e+08
-2.614709227403547764e+08
-2.615031789638817310e+08
-2.615227110098447800e+08
-2.617817610651319027e+08
-2.619571105066847801e+08
-2.621362874147268534e+08
-2.625294591703631878e+08
-2.627897307429019213e+08
-2.629975481841136217e+08
-2.631760201806422472e+08
-2.634275790178619623e+08
-2.637068324903810024e+08
-2.638097708139958382e+08
-2.638389366285252571e+08
-2.641652663558409214e+08
-2.641304303450530767e+08
-2.642860104098645449e+08
-2.643622229420816898e+08
-2.644360632269729376e+08
-2.645749539365608692e+08
-2.646440638953533173e+08
-2.647528638050620556e+08
-2.648442255433101654e+08
-2.648401108626408577e+08
-2.648683117083264589e+08
-2.650090651050891876e+08
-2.648641107995991707e+08
-2.648963218155339956e+08
-2.647623979810897112e+08
-2.644936531068103313e+08
-2.642789696812963486e+08
-2.641200124541881084e+08
-2.639078351540818214e+08
-2.637321347157032490e+08
-2.637750072255216837e+08
-2.636736630935213566e+08
-2.635490555220462084e+08
-2.634479365007692575e+08
-2.634267010836203098e+08
-2.633895134054445028e+08
-2.631774202591961622e+08
-2.631877939220787287e+08
-2.629959185974243879e+08
-2.627357286718981266e+08
-2.626573808999141455e+08
-2.627016369782104492e+08
-2.622938388077888489e+08
-2.620518606709356308e+08
-2.618126157977205515e+08
-2.615638820157866478e+08
-2.612949136875047684e+08
-2.610568531886564493e+08
-2.605803219431269169e+08
-2.600738254642637968e+08
-2.596201545207335949e+08
-2.591297401727706194e+08
-2.586638193273941278e+08
-2.579290403108712435e+08
-2.576273169005985260e+08
-2.572373195838266611e+08
-2.566871556155747175e+08
-2.562188692005275488e+08
-2.559184419175192118e+08
-2.556491417627669573e+08
-2.553653923977100849e+08
-2.551250682101339102e+08
-2.549677849801058769e+08
-2.549552375838770866e+08
-2.546963519597394466e+08
-2.547611984432570934e+08
-2.547359289349948168e+08
-2.548664027412887812e+08
-2.550410039802496433e+08
-2.552420594356929064e+08
-2.554642194988045692e+08
-2.555636397265744209e+08
-2.560093415780303478e+08
-2.561704416498904228e+08
-2.566422148098696470e+08
-2.570499142224225998e+08
-2.573149786302281618e+08
-2.576713624972102642e+08
-2.580219742785158157e+08
-2.581591917350959778e+08
-2.584880254096291065e+08
-2.585373447711822987e+08
-2.587040561258251667e+08
-2.588670104619282484e+08
-2.590208333779497147e+08
-2.588310895343713760e+08
-2.590798187146635056e+08
-2.591238997784833908e+08
-2.591518853077604771e+08
-2.589654167634394169e+08
-2.590890298316541910e+08
-2.587659703555201292e+08
-2.586180598762047291e+08
-2.584457294937982559e+08
-2.582833068846912384e+08
-2.579496803332242966e+08
-2.577535171655520201e+08
-2.577003554949049950e+08
-2.573469139159104824e+08
-2.571197952101708651e+08
-2.568671294245562553e+08
-2.565765771479191780e+08
-2.563303233730268478e+08
-2.560666772118697166e+08
-2.558506015174971819e+08
-2.555609480026061535e+08
-2.551403475566161871e+08
-2.547344700626555681e+08
-2.547479151350085735e+08
-2.545640053585987091e+08
-2.543012892514950037e+08
-2.544097691796392202e+08
-2.544481995522378683e+08
-2.547987432429219484e+08
-2.548947270204468966e+08
-2.554407923305619955e+08
-2.556724220200023651e+08
-2.559843415359611511e+08
-2.562275963424384594e+08
-2.566464348246495724e+08
-2.568821924714715481e+08
-2.573605764475467205e+08
-2.575265059700763226e+08
-2.577709837780815363e+08
-2.580425034397786856e+08
-2.583238792806501389e+08
-2.586523260558372736e+08
-2.590147737288230658e+08
-2.592307385233453512e+08
-2.596239751905893087e+08
-2.598548538721179962e+08
-2.603428224404698610e+08
-2.607071317031351328e+08
-2.609972659824280739e+08
-2.613454665138733387e+08
-2.616884961865553856e+08
-2.620430320459954739e+08
-2.624108528238952160e+08
-2.625599464469709396e+08
-2.628915296614300013e+08
-2.628419902558115721e+08
-2.628148375830997229e+08
-2.627595616588865519e+08
-2.625400807595225573e+08
-2.625404920853615999e+08
-2.623015607086093426e+08
-2.621496088332020044e+08
-2.618887538267061710e+08
-2.618447559438966513e+08
-2.617274732380039692e+08
-2.614001860286797285e+08
-2.611582965453180075e+08
-2.609878429164087772e+08
-2.605921183174457550e+08
-2.600562806611121893e+08
-2.596580476041690111e+08
-2.589229909394047260e+08
-2.584081460925604105e+08
-2.578160512548681498e+08
-2.570138271114197969e+08
-2.563419401075628996e+08
-2.554975397894694805e+08
-2.549161393827574253e+08
-2.541694018095903397e+08
-2.532985669785791636e+08
-2.526418935098619461e+08
-2.519522550977166891e+08
-2.514173516026608944e+08
-2.509482570554405451e+08
-2.505497076046061516e+08
-2.502993604423093796e+08
-2.503681697365827560e+08
-2.506056854108439684e+08
-2.507443107036647797e+08
-2.512603196406817436e+08
-2.518245708965255022e+08
-2.524125082673287392e+08
-2.530680103781901598e+08
-2.537058414080598354e+08
-2.543382157484358549e+08
-2.550468951533892155e+08
-2.557638240100011826e+08
-2.564186943438718319e+08
-2.569516907416757345e+08
-2.576461814186257124e+08
-2.580231949700473547e+08
-2.581855939445614815e+08
-2.587072491136509180e+08
-2.588377359278284311e+08
-2.591044062260046005e+08
-2.592372149052032232e+08
-2.592105152402262688e+08
-2.593442832041270733e+08
-2.592956938279379606e+08
-2.590574873275097609e+08
-2.589691916885728836e+08
-2.584561551515038013e+08
-2.581020765286173820e+08
-2.578062877366853952e+08
-2.575311831155202389e+08
-2.570556999070416689e+08
-2.564744680943709612e+08
-2.563505999266237020e+08
-2.559658184614175558e+08
-2.558777804688340425e+08
-2.555098735122432709e+08
-2.554216220935325623e+08
-2.551802090444639921e+08
-2.551109484635425806e+08
-2.549677613549400568e+08
-2.550038148443882465e+08
-2.550615311235196590e+08
-2.551751289192970991e+08
-2.552406763753741980e+08
-2.551783558090424538e+08
-2.551467820863790512e+08
-2.549791765434312820e+08
-2.550057444574294090e+08
-2.550552300900871754e+08
-2.550269108838170767e+08
-2.553688756969482899e+08
-2.555489112969517708e+08
-2.555926555251203775e+08
-2.557449314788937569e+08
-2.558799789072630405e+08
-2.560078409114645720e+08
-2.558942337983691692e+08
-2.558248791672974825e+08
-2.556211610017026663e+08
-2.554955131638658047e+08
-2.550920005303659439e+08
-2.547425235274605751e+08
-2.541829713157488108e+08
-2.538572391103008986e+08
-2.533821679916646481e+08
-2.529303859034652710e+08
-2.525033059404082298e+08
-2.520526879519298077e+08
-2.519259504546421766e+08
-2.516798258432813883e+08
-2.516681300466916561e+08
-2.514767443099601269e+08
-2.514149498266026974e+08
-2.512509502000083923e+08
-2.515451880425375700e+08
-2.512816011525316238e+08
-2.511952750387989283e+08
-2.508759788392244577e+08
-2.508036829383766651e+08
-2.505030392416317463e+08
-2.501893552117230892e+08
-2.498066540602349043e+08
-2.496790379253538847e+08
-2.495036295892087221e+08
-2.492425692245153189e+08
-2.488192460139509439e+08
-2.485095974882845879e+08
-2.485409720198303461e+08
-2.483938450137157440e+08
-2.483760150522341728e+08
-2.482702033134057522e+08
-2.483288979870871305e+08
-2.481548300159528255e+08
-2.484915179674390554e+08
-2.486684369678914547e+08
-2.490338493730899096e+08
-2.491157797848945856e+08
-2.498130275500204563e+08
-2.501258379194602966e+08
-2.505640283926320076e+08
-2.510501732303049564e+08
-2.516370628118536472e+08
-2.522009468198457956e+08
-2.529967188582324982e+08
-2.535776200329893827e+08
-2.540984080656052828e+08
-2.546893493769383430e+08
-2.551643954781497717e+08
-2.557349142905992270e+08
-2.559498472462191582e+08
-2.561625826856884956e+08
-2.561507215333657265e+08
-2.562593956023206711e+08
-2.560499524003053904e+08
-2.559111630528912544e+08
-2.555242518208570480e+08
-2.551071936956039667e+08
-2.549251778573497534e+08
-2.541263527317783833e+08
-2.536180350361998081e+08
-2.531429879852250814e+08
-2.523112037629252672e+08
-2.516223094192475080e+08
-2.510056727772072554e+08
-2.504172302057060003e+08
-2.496917992407461405e+08
-2.491446138511933088e+08
-2.484329539031465054e+08
-2.477791579108626842e+08
-2.472024821975516081e+08
-2.466210202737141848e+08
-2.458920150711946487e+08
-2.451670594971611500e+08
-2.444664198756581545e+08
-2.437744132855203152e+08
-2.431152784593797922e+08
-2.423357790516427755e+08
-2.414236806003389359e+08
-2.406484050216341019e+08
-2.399327241539762020e+08
-2.393298045781712532e+08
-2.388351903522136211e+08
-2.382087721926535368e+08
-2.377582660411502123e+08
-2.375505998751796484e+08
-2.372568930112363100e+08
-2.370654650660159588e+08
-2.368132280588768721e+08
-2.366799829869586229e+08
-2.367857059034929276e+08
-2.366879145619597435e+08
-2.368323905876657963e+08
-2.368275530094350576e+08
-2.370161628977208138e+08
-2.374843736396498680e+08
-2.377223918689498901e+08
-2.383278234347801208e+08
-2.392560091236863136e+08
-2.399411784968705177e+08
-2.409656360395070314e+08
-2.419901170782402754e+08
-2.430215622748132944e+08
-2.439933153694601059e+08
-2.450558830596523285e+08
-2.460626115948677063e+08
-2.471431852140369415e+08
-2.481675806771616936e+08
-2.493342832762726545e+08
-2.501704182655593157e+08
-2.511448547930225134e+08
-2.521399724163738489e+08
-2.529941721740958691e+08
-2.537810296890417337e+08
-2.544379439249763489e+08
-2.549152906832609177e+08
-2.555776221654618979e+08
-2.559713995849720240e+08
-2.563472485028970242e+08
-2.567303201829640865e+08
-2.568205302546358109e+08
-2.568883786556608677e+08
-2.569242770142775774e+08
-2.565597172065259218e+08
-2.561274664930295944e+08
-2.559194408632606268e+08
-2.552441998728579283e+08
-2.546451285967094898e+08
-2.536475142518683672e+08
-2.530642637987653017e+08
-2.521065024520230293e+08
-2.511928344374269247e+08
-2.501824917908211946e+08
-2.493668275902947187e+08
-2.485922623511160612e+08
-2.477828414864039421e+08
-2.472173353446365595e+08
-2.466531262988957167e+08
-2.462195765273145437e+08
-2.458168213392167091e+08
-2.456043928853386641e+08
-2.454981503499006033e+08
-2.452515075759611130e+08
-2.450604913048912287e+08
-2.449276433169493675e+08
-2.448323834334156513e+08
-2.444682228308124542e+08
-2.444016656092972755e+08
-2.439984427360215187e+08
-2.438102267456474304e+08
-2.435221534566307068e+08
-2.430208201066024303e+08
-2.423283869028135538e+08
-2.417967338350629807e+08
-2.410178528425867558e+08
-2.403114222043308020e+08
-2.392328285420509577e+08
-2.383603664313936234e+08
-2.372041641126686335e+08
-2.362945603809583187e+08
-2.351146014947624207e+08
-2.342004309605232477e+08
-2.329790222165745497e+08
-2.321821393055441380e+08
-2.310070812462265491e+08
-2.301544226056127548e+08
-2.293424933969848156e+08
-2.289240506259011030e+08
-2.287177821024681330e+08
-2.285580190259459019e+08
-2.287980919851734638e+08
-2.290401880828440189e+08
-2.293972737824761868e+08
-2.301988310360485315e+08
-2.308996842300202847e+08
-2.316736024711183310e+08
-2.326030902591902018e+08
-2.337295687022244930e+08
-2.347635818635469675e+08
-2.358855206643763781e+08
-2.370664497369922400e+08
-2.382496380042514801e+08
-2.394123835254366398e+08
-2.403590488278598785e+08
-2.414023394815478325e+08
-2.422289471493779421e+08
-2.430276778319640160e+08
-2.436695769550638199e+08
-2.441399519264320135e+08
-2.446872515525407791e+08
-2.449182177151892185e+08
-2.452442684575332403e+08
-2.453366246124297380e+08
-2.452515441515011787e+08
-2.452942096881883144e+08
-2.450568677173436880e+08
-2.446944988949651718e+08
-2.445208440948089361e+08
-2.441098321719332933e+08
-2.437139294082481861e+08
-2.431705402844716311e+08
-2.427261473034161329e+08
-2.422871500994584560e+08
-2.416129168054641485e+08
-2.412950132295414209e+08
-2.409553812632521391e+08
-2.408686559516731501e+08
-2.406527421187870502e+08
-2.403079131244684458e+08
-2.401277547965447903e+08
-2.399670338410286903e+08
-2.401458774628969431e+08
-2.402798795043489933e+08
-2.406508075916557312e+08
-2.409701827838907242e+08
-2.416675962869206667e+08
-2.420772665561305285e+08
-2.427592272757993937e+08
-2.434172287080994844e+08
-2.440608856906013489e+08
-2.445351532465335131e+08
-2.448926322257348299e+08
-2.451859525808839798e+08
-2.452257049247992039e+08
-2.450513185194847584e+08
-2.450049634152226448e+08
-2.447253056697025299e+08
-2.445175686413451433e+08
-2.441005361983127594e+08
-2.437935080836335421e+08
-2.432371076863659620e+08
-2.428481313196845055e+08
-2.422569499270745516e+08
-2.416597879941346645e+08
-2.408911603148850203e+08
-2.402265499569346905e+08
-2.391900019795994759e+08
-2.384756624994560480e+08
-2.374924808039544821e+08
-2.367644077766081095e+08
-2.358562428496319056e+08
-2.353026191193960905e+08
-2.348981453605464697e+08
-2.343879530954905748e+08
-2.339475884258974791e+08
-2.338592991321784258e+08
-2.338322239912965298e+08
-2.337807457466139793e+08
-2.336701071900953054e+08
-2.339394176730890274e+08
-2.340114607751841545e+08
-2.342758671111835241e+08
-2.349104499278566837e+08
-2.354591271010816097e+08
-2.360372787074177265e+08
-2.368179934391785860e+08
-2.375243520524257421e+08
-2.383587456333591938e+08
-2.389873719046450853e+08
-2.399575992414528131e+08
-2.409300903515989780e+08
-2.418819098995401859e+08
-2.426455352883813381e+08
-2.436405150374847651e+08
-2.445767294834988117e+08
-2.453024670853599310e+08
-2.459566731001738310e+08
-2.465759849421839714e+08
-2.471442589638893604e+08
-2.474437632217795849e+08
-2.477029032021888494e+08
-2.479893947262033224e+08
-2.479521371597290039e+08
-2.480594209760099649e+08
-2.479429265464398861e+08
-2.480064567943249941e+08
-2.475085913881176710e+08
-2.474461257973308563e+08
-2.469453462462834120e+08
-2.464459244562214613e+08
-2.458703038397880793e+08
-2.449856730493559837e+08
-2.441588042895195484e+08
-2.432214038287459612e+08
-2.420487356958693266e+08
-2.410386445473827124e+08
-2.398780847174922228e+08
-2.387074623751001358e+08
-2.376416786335811615e+08
-2.365650103909204006e+08
-2.355074399011138678e+08
-2.343290279993437529e+08
-2.334735641312090158e+08
-2.324894784767323732e+08
-2.318353569061528444e+08
-2.311697663370292187e+08
-2.308010987804205418e+08
-2.305407147951359749e+08
-2.305108465552797318e+08
-2.304813129893314838e+08
-2.305554230315083265e+08
-2.309907089141469002e+08
-2.314587820965075493e+08
-2.320591431989063025e+08
-2.330568820242526531e+08
-2.336253978409311771e+08
-2.346367700585143566e+08
-2.352493610222942829e+08
-2.359789124263328314e+08
-2.369451545330510139e+08
-2.376576921116212606e+08
-2.382718472794311047e+08
-2.392200423205482960e+08
-2.397116887762956619e+08
-2.402002346063526869e+08
-2.409770344761365652e+08
-2.412365972808375359e+08
-2.417101261922768354e+08
-2.419974907635276318e+08
-2.421656778842782974e+08
-2.423047585451402664e+08
-2.423386073280841112e+08
-2.426316957845482826e+08
-2.426225860159484148e+08
-2.425977090450091362e+08
-2.425632157740792036e+08
-2.426330344180214405e+08
-2.425202690185520649e+08
-2.424358897418508530e+08
-2.423603943469166756e+08
-2.425591637724347115e+08
-2.423937448036018610e+08
-2.422394679893071651e+08
-2.422342178481984138e+08
-2.423297987139030695e+08
-2.421896235537743568e+08
-2.420463555484144688e+08
-2.418483654866852760e+08
-2.418251289941259623e+08
-2.418239790956259966e+08
-2.416080299968138933e+08
-2.416123764187244177e+08
-2.414572546757223606e+08
-2.411031365439823866e+08
-2.410542014834058285e+08
-2.408773878729985952e+08
-2.405617420858246088e+08
-2.402745914820024967e+08
-2.400748955611332655e+08
-2.399208426145559549e+08
-2.394974225429139137e+08
-2.393384492799372673e+08
-2.391474913873329163e+08
-2.391046516729683876e+08
-2.390511891093531847e+08
-2.388423433794094324e+08
-2.388212792954047918e+08
-2.388032202065403461e+08
-2.387935899732003212e+08
-2.388354061233960390e+08
-2.389196912151579857e+08
-2.389761789990122318e+08
-2.391869929354825020e+08
-2.393495910688544512e+08
-2.393088722796539068e+08
-2.393491821410013437e+08
-2.394075569744552374e+08
-2.393894798087037802e+08
-2.395284730383253098e+08
-2.395606192432310581e+08
-2.399057673000615835e+08
-2.398382027664952278e+08
-2.399362829667979479e+08
-2.400714834404356480e+08
-2.399942224416123629e+08
-2.399890464706094265e+08
-2.399225390128287077e+08
-2.399807441946996450e+08
-2.396198686573486328e+08
-2.395087526077963114e+08
-2.393360781343760490e+08
-2.389773589892928600e+08
-2.386579296979210377e+08
-2.383531648395479918e+08
-2.378989761609251499e+08
-2.375219277136715651e+08
-2.369826782777968645e+08
-2.365947127871873379e+08
-2.362038506591838598e+08
-2.356778314741942883e+08
-2.352610038091247082e+08
-2.352657629128288031e+08
-2.351561304806318283e+08
-2.349738951684790850e+08
-2.347559952664438486e+08
-2.346009978081078529e+08
-2.345135934404726028e+08
-2.343904734162549973e+08
-2.345295442600941658e+08
-2.345506718838684559e+08
-2.346805318802595139e+08
-2.348233959347375631e+08
-2.350541563873193264e+08
-2.353007275986130238e+08
-2.353917759929493666e+08
-2.357601767263597250e+08
-2.360406741499136686e+08
-2.364462375282272100e+08
-2.368821980039585829e+08
-2.371671397806012630e+08
-2.374346431139382124e+08
-2.377798109541603327e+08
-2.379616953629888296e+08
-2.382679854530957937e+08
-2.382926780872644186e+08
-2.384688457708723545e+08
-2.384465263921407461e+08
-2.386173142020530701e+08
-2.386533418783887625e+08
-2.387051425764681101e+08
-2.386850380303422213e+08
-2.386249435370250940e+08
-2.387108131270275116e+08
-2.386615849214457273e+08
